0.01457230
0.04900390
0.04759180
0.04874630
0.04769280
0.04874010
0.04770070
0.04827630
0.04796600
0.04892540
0.04645340
0.04972270
0.04731930
0.04844810
0.04757590
0.04808210
0.04770020
0.04793010
0.04712400
0.04767640
0.04694180
0.04982290
0.04879550
0.04849350
0.04727650
0.04592270
0.04803650
0.04890280
0.04684890
0.04755980
0.04668100
0.04890630
0.04828240
0.05198990
0.04878070
0.04986050
0.04919220
0.04925410
0.04793500
0.04928980
0.04745130
0.04819540
0.04755980
0.04859420
0.04744940
0.04841540
0.04766670
0.04880920
0.00000000
0.00000000
0.00000000
0.00000000
0.01434740
0.04875150
0.04786090
0.04869380
0.04769750
0.04840830
0.04850580
0.05401340
0.06868630
0.05849500
0.05820280
0.05337900
0.04938220
0.04951190
0.04764550
0.04908340
0.04833840
0.04959940
0.04811500
0.05009930
0.04776030
0.04972170
0.05036630
0.05004540
0.04793140
0.05014670
0.05003440
0.04993240
0.04905790
0.04912560
0.04761300
0.04874550
0.04782890
0.04879910
0.04880050
0.05312090
0.04845120
0.05243260
0.04872090
0.05190050
0.04890790
0.05036780
0.04793390
0.04900410
0.04760990
0.04873660
0.04758220
0.04914970
0.04734610
0.05106120
0.04852440
0.07042800
0.04944360
0.05196740
0.05014670
0.05274550
0.05048490
0.04990380
0.05343220
0.06241880
0.05293730
0.05345540
0.04885110
0.04835190
0.04826640
0.04887090
0.05014890
0.05029120
0.04748560
0.04834760
0.04798070
0.05054600
0.04764120
0.04815890
0.04746630
0.04955180
0.04794120
0.00000000
0.00000000
0.00000000
0.00000000
0.01448000
0.05077770
0.05140890
0.05037800
0.05168700
0.05035590
0.05113110
0.05056220
0.05206740
0.05063190
0.05884000
0.05317450
0.05544450
0.05234900
0.07383960
0.06383190
0.06687010
0.06375980
0.06977110
0.06823200
0.05463210
0.05105010
0.05170770
0.05083780
0.05250860
0.05213220
0.05237020
0.05099620
0.05163920
0.05106970
0.05127840
0.05066520
0.05151360
0.05065010
0.05169010
0.04879080
0.05099670
0.05063060
0.05166490
0.05054150
0.05130540
0.05126830
0.05187960
0.05068840
0.05232670
0.05212850
0.05091300
0.05041330
0.05166780
0.05104820
0.05215080
0.05015760
0.05165770
0.05059370
0.05174440
0.05089120
0.05258110
0.05069640
0.04910710
0.05016610
0.04960550
0.05074920
0.04992000
0.05109420
0.05155470
0.05083930
0.05108980
0.05216180
0.05147960
0.05064700
0.05065030
0.05048650
0.05158550
0.05102260
0.05050030
0.04944820
0.04949580
0.05097780
0.05137820
0.05058660
0.05392680
0.05077340
0.05326550
0.05211380
0.05216310
0.05062810
0.05137750
0.05068930
0.05156950
0.05096930
0.05162710
0.05050610
0.05143420
0.05053910
0.05075060
0.05371900
0.05209930
0.04994550
0.05105720
0.05166660
0.05081870
0.04816240
0.05033630
0.04848580
0.05069310
0.04771780
0.04781220
0.04491710
0.04970800
0.04719400
0.04336860
0.04271750
0.00000000
0.00000000
0.00000000
0.00000000
0.01487330
0.08849900
0.09455230
