1
5.99,165.94,43.00,27.00
6.31,165.68,43.00,27.00
6.50,165.96,43.00,27.00
6.88,167.22,43.00,27.00
7.72,166.79,43.00,27.00
7.96,166.14,43.00,27.00
9.28,165.63,43.00,27.00
10.48,165.35,43.00,27.00
12.79,165.84,43.00,27.00
14.40,166.66,43.00,27.00
17.42,165.38,43.00,27.00
19.17,163.97,43.00,27.00
21.03,163.41,43.00,27.00
20.54,162.41,43.00,27.00
22.38,162.41,43.00,27.00
24.36,163.92,43.00,27.00
25.47,164.47,43.00,27.00
25.37,167.35,43.00,27.00
25.66,167.34,43.00,27.00
28.54,167.72,43.00,27.00
29.80,162.77,43.00,27.00
26.43,165.33,43.00,27.00
27.22,165.73,43.00,27.00
30.07,163.79,43.00,27.00
35.54,159.12,43.00,27.00
36.71,160.83,43.00,27.00
35.45,158.33,43.00,27.00
36.03,156.41,43.00,27.00
37.74,157.54,43.00,27.00
39.32,159.21,43.00,27.00
43.85,158.10,43.00,27.00
45.62,162.77,43.00,27.00
49.06,162.51,43.00,27.00
49.85,165.81,43.00,27.00
49.76,163.45,43.00,27.00
49.26,164.57,43.00,27.00
52.01,164.25,43.00,27.00
51.62,163.21,43.00,27.00
56.08,161.12,43.00,27.00
54.94,159.67,43.00,27.00
58.76,158.81,43.00,27.00
65.86,157.41,43.00,27.00
70.71,156.94,43.00,27.00
67.54,150.09,43.00,27.00
72.19,151.05,43.00,27.00
77.26,147.69,43.00,27.00
2
0
0
0
0
1
71.84,170.61,48.00,26.00
71.52,170.62,48.00,26.00
72.36,170.98,48.00,26.00
72.05,170.94,48.00,26.00
72.97,171.32,48.00,26.00
74.21,170.66,48.00,26.00
74.66,170.56,48.00,26.00
76.79,170.31,48.00,26.00
78.35,171.17,48.00,26.00
79.48,171.91,48.00,26.00
81.25,170.92,48.00,26.00
83.93,172.04,48.00,26.00
82.97,170.36,48.00,26.00
84.59,172.35,48.00,26.00
86.58,172.57,48.00,26.00
88.31,173.39,48.00,26.00
91.99,173.14,48.00,26.00
90.82,173.18,48.00,26.00
93.54,174.37,48.00,26.00
91.84,173.63,48.00,26.00
90.21,172.53,48.00,26.00
91.45,170.47,48.00,26.00
93.45,169.16,48.00,26.00
90.72,166.40,48.00,26.00
91.37,165.79,48.00,26.00
87.44,167.19,48.00,26.00
87.22,170.14,48.00,26.00
88.92,169.79,48.00,26.00
87.56,168.56,48.00,26.00
90.27,169.68,48.00,26.00
89.78,168.42,48.00,26.00
87.98,169.89,48.00,26.00
89.18,171.05,48.00,26.00
90.69,173.24,48.00,26.00
90.96,173.15,48.00,26.00
88.43,173.40,48.00,26.00
92.25,175.37,48.00,26.00
102.28,170.94,48.00,26.00
97.70,170.81,48.00,26.00
100.71,168.87,48.00,26.00
100.13,163.04,48.00,26.00
91.96,165.79,48.00,26.00
90.34,164.69,48.00,26.00
83.69,165.97,48.00,26.00
78.51,165.98,48.00,26.00
84.42,167.98,48.00,26.00
84.63,168.46,48.00,26.00
84.67,167.38,48.00,26.00
85.55,169.99,48.00,26.00
84.02,167.55,48.00,26.00
77.40,164.11,48.00,26.00
80.65,174.04,48.00,26.00
73.79,172.93,48.00,26.00
74.95,175.84,48.00,26.00
71.29,171.94,48.00,26.00
69.35,174.02,48.00,26.00
69.80,174.61,48.00,26.00
59.75,166.29,48.00,26.00
60.12,165.70,48.00,26.00
56.89,164.36,48.00,26.00
56.41,166.57,48.00,26.00
54.40,165.42,48.00,26.00
56.35,161.81,48.00,26.00
55.81,162.93,48.00,26.00
59.83,164.04,48.00,26.00
61.78,166.85,48.00,26.00
63.10,164.68,48.00,26.00
65.41,165.56,48.00,26.00
76.19,170.10,48.00,26.00
83.06,168.96,48.00,26.00
89.44,165.91,48.00,26.00
88.01,163.59,48.00,26.00
87.52,162.56,48.00,26.00
79.61,157.72,48.00,26.00
83.48,152.12,48.00,26.00
2
0
0
0
0
1
93.21,168.59,76.00,44.00
93.12,168.21,76.00,44.00
92.52,168.18,76.00,44.00
92.97,167.29,76.00,44.00
92.84,167.02,76.00,44.00
92.79,166.63,76.00,44.00
92.71,166.79,76.00,44.00
95.62,164.71,76.00,44.00
96.17,165.18,76.00,44.00
94.46,165.53,76.00,44.00
95.04,163.98,76.00,44.00
92.16,166.29,76.00,44.00
93.54,165.33,76.00,44.00
94.29,166.10,76.00,44.00
97.79,168.25,76.00,44.00
100.86,163.77,76.00,44.00
97.74,161.29,76.00,44.00
98.66,163.09,76.00,44.00
97.56,161.52,76.00,44.00
95.70,164.88,76.00,44.00
97.08,161.40,76.00,44.00
97.96,161.76,76.00,44.00
101.16,162.49,76.00,44.00
106.38,163.24,76.00,44.00
107.13,162.17,76.00,44.00
104.75,162.82,76.00,44.00
106.56,164.52,76.00,44.00
113.13,164.59,76.00,44.00
113.53,164.36,76.00,44.00
117.03,165.38,76.00,44.00
120.74,169.02,76.00,44.00
128.49,165.08,76.00,44.00
137.57,163.54,76.00,44.00
145.78,164.26,76.00,44.00
152.53,162.10,76.00,44.00
157.87,165.09,76.00,44.00
167.69,163.84,76.00,44.00
165.16,169.56,76.00,44.00
169.91,170.30,76.00,44.00
176.79,172.55,76.00,44.00
188.59,168.40,76.00,44.00
183.83,171.18,76.00,44.00
184.96,172.69,76.00,44.00
181.26,176.84,76.00,44.00
172.76,179.28,76.00,44.00
166.48,179.36,76.00,44.00
167.93,177.65,76.00,44.00
176.67,177.86,76.00,44.00
183.44,176.57,76.00,44.00
195.63,175.58,76.00,44.00
195.46,172.55,76.00,44.00
190.26,174.74,76.00,44.00
199.12,177.58,76.00,44.00
213.46,177.03,76.00,44.00
214.74,177.15,76.00,44.00
226.45,181.35,76.00,44.00
239.38,179.82,76.00,44.00
249.15,175.66,76.00,44.00
256.66,168.41,76.00,44.00
275.95,163.16,76.00,44.00
265.94,166.76,76.00,44.00
258.52,175.20,76.00,44.00
261.21,172.41,76.00,44.00
260.34,178.77,76.00,44.00
263.37,179.78,76.00,44.00
265.51,175.43,76.00,44.00
262.73,169.63,76.00,44.00
267.66,163.80,76.00,44.00
281.93,162.49,76.00,44.00
290.29,153.82,76.00,44.00
293.39,155.15,76.00,44.00
276.73,154.49,76.00,44.00
266.13,150.32,76.00,44.00
270.88,150.54,76.00,44.00
273.69,151.70,76.00,44.00
269.56,154.59,76.00,44.00
274.96,154.07,76.00,44.00
267.70,153.54,76.00,44.00
266.98,150.55,76.00,44.00
276.88,146.38,76.00,44.00
267.30,145.63,76.00,44.00
264.39,144.28,76.00,44.00
262.62,141.99,76.00,44.00
255.50,142.07,76.00,44.00
262.15,140.67,76.00,44.00
262.92,139.70,76.00,44.00
255.02,139.12,76.00,44.00
250.86,129.15,76.00,44.00
233.01,118.53,76.00,44.00
247.84,117.01,76.00,44.00
253.50,112.41,76.00,44.00
242.99,106.71,76.00,44.00
228.99,106.48,76.00,44.00
203.92,101.19,76.00,44.00
214.82,106.90,76.00,44.00
216.80,99.76,76.00,44.00
228.75,85.56,76.00,44.00
216.75,96.07,76.00,44.00
183.07,96.26,76.00,44.00
176.43,104.85,76.00,44.00
211.49,110.51,76.00,44.00
216.20,107.52,76.00,44.00
223.27,115.34,76.00,44.00
214.67,113.80,76.00,44.00
200.32,113.77,76.00,44.00
199.48,122.83,76.00,44.00
159.35,137.60,76.00,44.00
134.55,144.23,76.00,44.00
131.82,151.46,76.00,44.00
143.58,159.54,76.00,44.00
2
0
0
0
0
1
283.73,98.26,270.00,102.00
282.58,98.26,270.00,102.00
