0.01446540
0.04943100
0.04971380
0.04887980
0.04843620
0.04901060
0.05011700
0.04873240
0.04896240
0.04897000
0.04943850
0.04924950
0.04868260
0.04847860
0.04964240
0.04882040
0.04853600
0.04790270
0.04849400
0.04792170
0.04908630
0.04900170
0.04866540
0.04886270
0.04668700
0.04914860
0.04900090
0.04858290
0.04291720
0.04529780
0.04633780
0.04601480
0.04497220
0.04713880
0.04850940
0.04885310
0.05041060
0.05035280
0.04743210
0.04637480
0.04823700
0.04506800
0.04837560
0.00000000
0.00000000
0.00000000
0.00000000
0.01399920
0.04781640
0.04750360
0.04745940
0.04750010
0.04758040
0.04746140
0.04807270
0.00000000
0.00000000
0.00000000
0.00000000
0.01433230
0.05249930
0.05258120
0.05382440
0.05405600
0.05285210
0.05233270
0.05127030
0.05005460
0.00000000
0.00000000
0.00000000
0.00000000
0.01424290
0.04959540
0.05026720
0.04943220
0.04991720
0.04909800
0.04960670
0.04941680
0.04994010
0.04923030
0.04917370
0.04929430
0.04935710
0.04903210
0.04768430
0.04897980
0.04821850
0.00000000
0.00000000
0.00000000
0.00000000
0.01574700
0.05375290
0.05327050
0.05303190
0.05310940
0.05357840
0.05333290
0.05283150
0.05328580
0.05237850
0.05042390
0.05346660
0.05273620
0.00000000
0.00000000
0.00000000
0.00000000
0.01388140
0.05076400
0.05127960
0.05073080
0.05152530
0.05061530
0.05029370
0.05073640
0.05035700
0.04988940
0.04992820
0.04965900
0.05032450
0.04734050
0.05093590
0.04819540
0.04986480
0.05060290
0.05025510
0.00000000
0.00000000
0.00000000
0.00000000
0.01448920
0.05159540
0.05236860
0.05149280
0.05123180
0.05188210
0.05265000
0.05071550
0.05053490
0.05094350
0.05036600
0.05065100
0.00000000
0.00000000
0.00000000
0.00000000
0.01416470
0.04979010
0.05066660
0.05037030
0.05004990
0.05042140
0.05070340
0.05077450
0.04983810
0.04957160
0.05077780
0.05145490
0.05106490
0.05008550
0.04966630
0.05081720
0.05031130
0.00000000
0.00000000
0.00000000
0.00000000
0.01430990
0.04955780
0.04945180
0.04886330
0.04928550
0.04914110
0.04878600
0.04952390
0.04724010
0.04849490
0.04848500
0.04644390
0.04692410
0.04826200
0.04853180
0.05051350
0.04577780
0.04925020
0.04855000
0.04712110
0.00000000
0.00000000
0.00000000
0.00000000
0.01409560
0.04898830
0.04912840
0.04889260
0.04852980
0.04825960
0.00000000
0.00000000
0.00000000
0.00000000
0.01423220
0.04706700
0.04812400
0.04778600
0.04792270
0.04837200
0.04780950
0.04788400
0.00000000
0.00000000
0.00000000
0.00000000
0.01418700
0.04957740
0.05215320
0.04889020
0.04890700
0.04862810
0.04853170
0.04911630
0.04903780
0.04973160
0.04887630
0.04868120
0.04820130
0.04854740
0.04843720
0.04881880
0.04837580
0.04816370
0.04849030
0.04840060
0.04924740
0.04863480
0.04979970
0.05057800
0.04970000
0.04888400
0.04857750
0.04874830
0.04963500
0.04910070
0.04862310
0.04875130
0.04846200
0.04813860
0.04810310
0.00000000
0.00000000
0.00000000
0.00000000
0.01402030
0.05000200
0.05008220
0.04988910
0.05195730
0.05092200
0.05024480
0.04993490
0.04993300
0.04972540
0.04975010
0.05019990
