1
149.82,69.55,47.00,53.00
151.17,69.71,47.00,53.00
152.07,71.61,47.00,53.00
152.34,72.41,47.00,53.00
152.84,73.08,47.00,53.00
154.98,71.16,47.00,53.00
156.77,73.25,47.00,53.00
158.67,73.40,47.00,53.00
154.99,75.27,47.00,53.00
164.32,76.55,47.00,53.00
164.31,71.50,47.00,53.00
161.14,72.04,47.00,53.00
159.12,65.34,47.00,53.00
160.33,65.55,47.00,53.00
156.81,66.13,47.00,53.00
150.20,62.89,47.00,53.00
153.91,59.34,47.00,53.00
157.89,59.69,47.00,53.00
160.84,69.84,47.00,53.00
164.39,73.55,47.00,53.00
169.15,74.88,47.00,53.00
169.00,71.65,47.00,53.00
182.66,78.35,47.00,53.00
186.15,78.42,47.00,53.00
201.74,84.33,47.00,53.00
205.17,88.52,47.00,53.00
213.32,93.13,47.00,53.00
212.19,81.81,47.00,53.00
209.65,86.56,47.00,53.00
210.58,80.47,47.00,53.00
213.60,85.46,47.00,53.00
209.51,89.44,47.00,53.00
216.21,84.95,47.00,53.00
214.21,87.19,47.00,53.00
218.78,91.65,47.00,53.00
218.91,96.68,47.00,53.00
219.58,95.50,47.00,53.00
216.07,94.49,47.00,53.00
220.16,99.37,47.00,53.00
216.25,101.45,47.00,53.00
217.37,101.91,47.00,53.00
2
0
0
0
0
1
122.79,48.61,40.00,41.00
121.00,49.10,40.00,41.00
119.20,48.19,40.00,41.00
117.43,47.46,40.00,41.00
117.25,49.34,40.00,41.00
118.91,53.30,40.00,41.00
2
0
0
0
0
1
39.43,34.72,65.00,75.00
39.37,35.30,65.00,75.00
38.22,34.76,65.00,75.00
38.55,36.63,65.00,75.00
38.68,40.97,65.00,75.00
40.81,45.57,65.00,75.00
45.75,48.64,65.00,75.00
2
0
0
0
0
1
189.46,69.92,37.00,71.00
188.32,69.10,37.00,71.00
188.73,69.81,37.00,71.00
190.27,70.29,37.00,71.00
190.71,69.23,37.00,71.00
189.11,67.71,37.00,71.00
188.85,70.79,37.00,71.00
193.07,71.75,37.00,71.00
194.82,71.80,37.00,71.00
195.87,77.70,37.00,71.00
197.73,75.26,37.00,71.00
195.40,77.05,37.00,71.00
193.83,78.77,37.00,71.00
195.38,72.16,37.00,71.00
192.32,70.64,37.00,71.00
2
0
0
0
0
1
94.74,26.36,67.00,74.00
96.72,28.02,67.00,74.00
99.56,29.84,67.00,74.00
101.22,30.52,67.00,74.00
105.32,30.78,67.00,74.00
105.65,36.67,67.00,74.00
109.44,35.90,67.00,74.00
113.19,44.64,67.00,74.00
114.60,47.61,67.00,74.00
123.28,59.76,67.00,74.00
131.87,68.88,67.00,74.00
2
0
0
0
0
1
216.07,102.85,56.00,55.00
215.83,103.23,56.00,55.00
216.88,103.96,56.00,55.00
217.45,105.27,56.00,55.00
217.70,105.11,56.00,55.00
218.80,102.87,56.00,55.00
225.25,104.82,56.00,55.00
223.19,104.12,56.00,55.00
225.57,104.74,56.00,55.00
220.35,102.05,56.00,55.00
214.48,104.58,56.00,55.00
208.00,109.24,56.00,55.00
198.37,109.98,56.00,55.00
196.39,108.59,56.00,55.00
192.77,107.18,56.00,55.00
191.95,101.46,56.00,55.00
196.67,106.03,56.00,55.00
2
0
0
0
0
1
107.22,49.39,55.00,66.00
106.91,48.98,55.00,66.00
107.34,50.33,55.00,66.00
106.36,50.37,55.00,66.00
103.30,51.18,55.00,66.00
99.65,52.45,55.00,66.00
99.21,57.42,55.00,66.00
101.39,60.57,55.00,66.00
101.43,60.58,55.00,66.00
98.88,65.36,55.00,66.00
2
0
0
0
0
1
213.27,111.05,60.00,59.00
213.70,111.24,60.00,59.00
214.29,113.77,60.00,59.00
214.85,115.12,60.00,59.00
213.71,117.89,60.00,59.00
214.61,119.34,60.00,59.00
214.91,119.33,60.00,59.00
212.58,121.75,60.00,59.00
212.78,124.02,60.00,59.00
210.78,125.01,60.00,59.00
210.01,120.16,60.00,59.00
207.52,123.88,60.00,59.00
203.66,123.85,60.00,59.00
201.74,123.14,60.00,59.00
192.91,116.73,60.00,59.00
2
0
0
0
0
1
174.63,36.46,48.00,49.00
173.68,37.85,48.00,49.00
176.47,39.49,48.00,49.00
177.24,39.34,48.00,49.00
179.34,39.75,48.00,49.00
184.77,42.23,48.00,49.00
188.22,44.88,48.00,49.00
192.65,44.17,48.00,49.00
193.29,49.56,48.00,49.00
197.46,52.63,48.00,49.00
204.38,59.83,48.00,49.00
207.84,66.98,48.00,49.00
209.98,74.39,48.00,49.00
212.45,84.87,48.00,49.00
215.09,85.04,48.00,49.00
208.41,92.27,48.00,49.00
207.83,96.96,48.00,49.00
203.56,94.54,48.00,49.00
2
0
0
0
0
1
140.97,38.03,45.00,47.00
139.85,37.68,45.00,47.00
139.16,36.58,45.00,47.00
137.70,36.13,45.00,47.00
2
0
0
0
0
1
61.80,48.09,38.00,44.00
61.25,48.91,38.00,44.00
61.90,50.45,38.00,44.00
62.12,51.95,38.00,44.00
64.05,52.71,38.00,44.00
64.67,53.90,38.00,44.00
2
0
0
0
0
1
96.89,127.38,41.00,52.00
97.48,127.38,41.00,52.00
96.07,128.12,41.00,52.00
96.30,126.15,41.00,52.00
96.99,124.21,41.00,52.00
95.08,123.38,41.00,52.00
96.39,126.15,41.00,52.00
99.14,130.73,41.00,52.00
99.69,133.07,41.00,52.00
105.62,132.63,41.00,52.00
108.14,134.55,41.00,52.00
108.80,130.84,41.00,52.00
114.77,131.18,41.00,52.00
119.23,129.44,41.00,52.00
117.28,124.53,41.00,52.00
122.93,127.00,41.00,52.00
126.27,123.99,41.00,52.00
128.83,121.54,41.00,52.00
129.64,119.06,41.00,52.00
135.31,122.29,41.00,52.00
135.09,113.77,41.00,52.00
132.34,112.95,41.00,52.00
133.91,112.11,41.00,52.00
140.06,107.68,41.00,52.00
153.71,102.24,41.00,52.00
154.26,97.97,41.00,52.00
155.05,97.32,41.00,52.00
153.44,100.17,41.00,52.00
155.80,96.64,41.00,52.00
161.90,92.28,41.00,52.00
170.93,88.61,41.00,52.00
178.92,88.06,41.00,52.00
185.59,93.20,41.00,52.00
2
0
0
0
0
1
98.35,68.69,50.00,58.00
99.06,69.45,50.00,58.00
99.64,69.99,50.00,58.00
98.11,74.50,50.00,58.00
98.82,74.35,50.00,58.00
98.28,76.98,50.00,58.00
99.45,80.86,50.00,58.00
100.22,81.28,50.00,58.00
102.13,80.50,50.00,58.00
103.95,75.02,50.00,58.00
108.87,73.71,50.00,58.00
