0.01471140
0.04784850
0.04761090
0.04766730
0.04794350
0.04859870
0.04872770
0.04776860
0.04746030
0.04683700
0.04519570
0.04445820
0.04357630
0.04567930
0.04774720
0.04766920
0.04518800
0.04758820
0.04688600
0.04560400
0.04520000
0.04708040
0.04705850
0.04384440
0.04412640
0.04651480
0.04638200
0.00000000
0.00000000
0.00000000
0.00000000
0.01427920
0.04697980
0.04687350
0.04673560
0.04685090
0.04911730
0.04917670
0.04672260
0.04691270
0.04647630
0.04647740
0.00000000
0.00000000
0.00000000
0.00000000
0.01392500
0.04598700
0.04600240
0.04578510
0.04577830
0.04599020
0.04584310
0.04588060
0.04574860
0.04569560
0.04563570
0.04595190
0.04598370
0.04584840
0.04620200
0.04662050
0.04699060
0.04698050
0.04640850
0.04531230
0.04533400
0.04598280
0.04560010
0.04649020
0.04578200
0.00000000
0.00000000
0.00000000
0.00000000
0.01420320
0.04693390
0.04662800
0.04657560
0.04692290
0.04653490
0.04670280
0.04708340
0.04859950
0.04701140
0.04848870
0.04797030
0.04726190
0.04643630
0.04628170
0.04690160
0.04653210
0.04839650
0.04686410
0.04541970
0.04657270
0.04614400
0.04609330
0.04674030
0.04602480
0.04910190
0.04820960
0.04637480
0.04678130
0.04652390
0.04700290
0.04714880
0.04556980
0.04631020
0.04525160
0.04457030
0.04717580
0.04625630
0.04542480
0.04669690
0.04852700
0.00000000
0.00000000
0.00000000
0.00000000
0.01486510
0.05018190
0.04982310
0.04924000
0.04949310
0.04907150
0.04902400
0.05608840
0.05457750
0.05014810
0.05038900
0.05116540
0.05451740
0.05047100
0.05001960
0.04747400
0.04605450
0.04905850
0.05068960
0.04949030
0.04914300
0.04923380
0.04913670
0.04900790
0.04942670
0.04893700
0.04931400
0.04953170
0.04945670
0.04937940
0.05035250
0.04467530
0.04742220
0.04956770
0.04935110
0.05404410
0.04659030
0.05142270
0.04896600
0.04659820
0.04800700
0.04795450
0.04585470
0.04096690
0.05037230
0.04811530
0.04884340
0.05003570
0.04928440
0.04922250
0.04775690
0.04917220
0.05018280
0.04876850
0.04939760
0.04920050
0.05167920
0.05451700
0.04875890
0.04914370
0.04954320
0.04469160
0.04759580
0.04399300
0.04806750
0.04876150
0.04885120
0.04823030
0.04934390
0.04695380
0.04778820
0.04948140
0.05390150
0.04448990
0.04833390
0.00000000
0.00000000
0.00000000
0.00000000
0.01555640
0.05142180
0.05011310
0.04976070
0.04962320
0.05096950
0.05067270
0.04987910
0.05078770
0.04968610
0.04969660
0.05011130
0.04987460
0.05006140
0.05022490
0.04663880
0.04756590
0.04742120
0.04878360
0.04951200
0.05276980
0.05133890
0.04959950
0.04933030
0.04623840
0.04764900
0.04832020
0.00000000
0.00000000
0.00000000
0.00000000
0.01438900
0.04840040
0.04899450
0.04780770
0.04735480
0.04826090
0.04757370
0.04713060
0.04728490
0.04747740
0.04771550
0.04750920
0.05026190
0.04902350
0.04679810
0.04761780
0.04694250
0.04713870
0.04679610
0.04722960
0.04872780
0.04819400
0.04726120
0.04768290
0.05033550
0.04760330
0.04670690
0.04869860
0.04679390
0.04744770
0.04795460
0.04722590
0.04688980
0.05263610
0.05768150
0.06357840
0.05075200
0.04724720
0.04861290
0.04671530
0.04678500
0.04558940
0.05083010
0.04659450
0.04568850
0.04802020
0.04808360
0.04884230
0.04881090
0.04800880
0.04729590
0.04825110
0.05177560
0.05016090
0.04701800
0.05219740
0.04966540
0.05407560
0.04646600
0.04622980
0.05229720
0.04282150
0.04682870
0.04727300
0.04571240
0.04559020
0.04698200
0.04841800
0.04629950
0.04917900
0.04624560
0.04791130
0.00000000
0.00000000
0.00000000
0.00000000
0.01452720
0.05329240
0.05387730
0.05062880
0.05009460
0.05002040
0.04954560
0.05093310
0.04982650
0.04995590
0.04991300
0.04982730
0.04973340
0.05025140
0.05009130
0.05022260
0.04948340
0.04914600
0.04867860
0.05090170
0.05025140
0.04840890
0.04720600
0.04971990
0.04913300
0.04941350
0.05003810
0.00000000
0.00000000
0.00000000
0.00000000
0.01432790
0.04864030
0.04855940
0.04918900
0.04950230
0.04954500
0.04906110
0.04940190
0.04911040
0.04830630
0.04884130
0.04835760
0.04842860
0.04967690
0.05006030
0.04882560
0.04863840
0.04869900
0.04851020
0.04847410
0.04858190
0.04894600
0.04804060
0.04959870
0.04912360
0.04856070
0.04837640
0.04827910
0.04928600
0.04319050
0.04439050
0.04866550
0.05052000
0.05144400
0.04949770
0.04896010
0.04816880
0.04589230
0.04705230
0.04851880
0.04851290
0.04853690
0.04890870
0.04844940
0.04651030
0.04673960
0.04800880
0.04861100
0.04490060
0.04716730
0.04690440
0.04491520
0.00000000
0.00000000
0.00000000
0.00000000
0.01456560
0.05000970
0.05000860
0.04781790
0.05058570
0.04716320
0.04752130
0.04742050
0.04769780
0.04795580
0.04750050
0.05245430
0.05027880
0.04769560
0.04822230
0.05418620
0.04811980
0.04787850
0.04871230
0.00000000
0.00000000
0.00000000
0.00000000
0.01510270
0.05293760
0.05116020
0.04971530
0.04895490
0.04909810
0.04893570
0.04960990
0.04863020
0.04928300
0.04884020
0.04916620
0.04935590
0.04891960
0.04900500
0.00000000
0.00000000
0.00000000
0.00000000
0.01418600
