1
125.61,20.22,46.00,35.00
126.11,19.71,46.00,35.00
126.79,19.70,46.00,35.00
127.25,18.92,46.00,35.00
127.79,19.97,46.00,35.00
129.17,17.19,46.00,35.00
129.49,16.57,46.00,35.00
131.91,14.90,46.00,35.00
137.16,15.28,46.00,35.00
131.14,15.20,46.00,35.00
134.04,15.40,46.00,35.00
131.31,18.50,46.00,35.00
127.90,22.35,46.00,35.00
132.12,20.17,46.00,35.00
128.97,19.36,46.00,35.00
130.56,22.95,46.00,35.00
129.99,24.77,46.00,35.00
128.09,25.72,46.00,35.00
131.49,28.20,46.00,35.00
149.54,27.04,46.00,35.00
141.35,27.68,46.00,35.00
157.48,28.10,46.00,35.00
148.33,35.34,46.00,35.00
143.05,44.06,46.00,35.00
164.94,46.08,46.00,35.00
2
0
0
0
0
1
136.62,44.47,22.00,34.00
135.94,44.69,22.00,34.00
135.54,45.05,22.00,34.00
135.59,45.34,22.00,34.00
135.59,45.51,22.00,34.00
135.45,45.99,22.00,34.00
136.25,45.88,22.00,34.00
137.29,45.56,22.00,34.00
136.40,44.98,22.00,34.00
2
0
0
0
0
1
115.21,66.03,13.00,28.00
115.34,66.25,13.00,28.00
115.02,65.90,13.00,28.00
114.12,65.73,13.00,28.00
113.35,66.40,13.00,28.00
112.14,65.76,13.00,28.00
110.26,65.68,13.00,28.00
109.10,65.33,13.00,28.00
107.41,66.01,13.00,28.00
105.82,65.62,13.00,28.00
105.14,65.96,13.00,28.00
104.14,65.79,13.00,28.00
102.19,67.47,13.00,28.00
101.72,68.68,13.00,28.00
100.96,64.51,13.00,28.00
97.03,62.14,13.00,28.00
96.24,61.55,13.00,28.00
96.11,60.29,13.00,28.00
90.82,59.38,13.00,28.00
88.98,57.34,13.00,28.00
87.46,55.98,13.00,28.00
81.44,52.88,13.00,28.00
78.00,48.47,13.00,28.00
2
0
0
0
0
1
94.91,74.18,24.00,29.00
95.20,74.40,24.00,29.00
96.18,73.29,24.00,29.00
96.46,72.92,24.00,29.00
96.74,73.02,24.00,29.00
97.49,72.53,24.00,29.00
97.19,71.54,24.00,29.00
96.75,70.11,24.00,29.00
97.75,69.07,24.00,29.00
97.43,66.96,24.00,29.00
98.79,66.93,24.00,29.00
100.07,67.25,24.00,29.00
99.47,66.31,24.00,29.00
102.30,66.63,24.00,29.00
101.73,67.87,24.00,29.00
99.15,65.05,24.00,29.00
99.97,64.13,24.00,29.00
101.58,63.07,24.00,29.00
100.90,64.41,24.00,29.00
104.28,64.28,24.00,29.00
101.30,65.36,24.00,29.00
98.30,64.53,24.00,29.00
97.96,65.63,24.00,29.00
103.30,71.48,24.00,29.00
99.97,71.47,24.00,29.00
106.44,78.63,24.00,29.00
104.75,79.11,24.00,29.00
103.11,77.66,24.00,29.00
105.53,79.80,24.00,29.00
113.53,82.12,24.00,29.00
114.03,87.25,24.00,29.00
120.39,88.67,24.00,29.00
116.94,90.55,24.00,29.00
118.56,88.52,24.00,29.00
124.87,87.17,24.00,29.00
118.40,83.11,24.00,29.00
117.57,76.24,24.00,29.00
112.57,75.67,24.00,29.00
115.92,72.11,24.00,29.00
2
0
0
0
0
1
153.64,80.52,67.00,37.00
153.75,80.26,67.00,37.00
154.46,80.64,67.00,37.00
156.94,80.86,67.00,37.00
156.39,79.38,67.00,37.00
155.73,79.78,67.00,37.00
157.82,80.06,67.00,37.00
161.72,78.72,67.00,37.00
166.01,78.44,67.00,37.00
162.83,81.48,67.00,37.00
164.25,78.08,67.00,37.00
166.96,76.57,67.00,37.00
170.60,73.12,67.00,37.00
168.89,65.24,67.00,37.00
170.98,68.80,67.00,37.00
176.61,74.39,67.00,37.00
176.13,73.96,67.00,37.00
184.48,74.45,67.00,37.00
190.78,74.62,67.00,37.00
199.15,73.96,67.00,37.00
210.79,76.23,67.00,37.00
208.56,75.28,67.00,37.00
209.80,72.66,67.00,37.00
214.75,78.11,67.00,37.00
215.95,76.49,67.00,37.00
214.22,77.91,67.00,37.00
213.75,74.75,67.00,37.00
206.22,74.13,67.00,37.00
210.04,70.75,67.00,37.00
210.98,68.42,67.00,37.00
220.47,76.64,67.00,37.00
234.41,80.11,67.00,37.00
234.34,80.58,67.00,37.00
245.91,78.52,67.00,37.00
261.60,79.60,67.00,37.00
237.49,85.11,67.00,37.00
225.00,85.88,67.00,37.00
238.43,79.92,67.00,37.00
239.23,81.60,67.00,37.00
236.23,81.73,67.00,37.00
234.67,79.12,67.00,37.00
233.87,73.70,67.00,37.00
228.61,78.60,67.00,37.00
221.38,76.89,67.00,37.00
224.01,76.00,67.00,37.00
226.55,71.34,67.00,37.00
220.65,70.03,67.00,37.00
213.00,72.93,67.00,37.00
216.40,66.06,67.00,37.00
227.46,64.83,67.00,37.00
223.58,69.01,67.00,37.00
232.19,69.19,67.00,37.00
230.54,70.70,67.00,37.00
229.51,71.36,67.00,37.00
232.06,68.26,67.00,37.00
223.15,62.61,67.00,37.00
224.76,63.49,67.00,37.00
225.46,58.63,67.00,37.00
222.59,58.98,67.00,37.00
212.80,58.65,67.00,37.00
222.93,62.41,67.00,37.00
214.95,63.78,67.00,37.00
222.86,67.37,67.00,37.00
242.90,75.40,67.00,37.00
245.87,76.19,67.00,37.00
253.01,79.44,67.00,37.00
246.20,81.63,67.00,37.00
243.96,73.14,67.00,37.00
236.79,65.15,67.00,37.00
220.04,72.92,67.00,37.00
215.08,76.89,67.00,37.00
221.30,74.48,67.00,37.00
223.34,74.72,67.00,37.00
2
0
0
0
0
1
130.26,65.11,71.00,39.00
129.11,64.89,71.00,39.00
128.77,65.98,71.00,39.00
127.03,66.84,71.00,39.00
124.94,68.19,71.00,39.00
124.38,66.96,71.00,39.00
125.42,66.42,71.00,39.00
125.96,68.03,71.00,39.00
120.70,66.31,71.00,39.00
119.30,65.78,71.00,39.00
113.86,68.11,71.00,39.00
111.83,68.04,71.00,39.00
110.41,67.07,71.00,39.00
102.99,66.17,71.00,39.00
101.70,66.73,71.00,39.00
104.95,58.65,71.00,39.00
103.82,65.76,71.00,39.00
98.66,72.76,71.00,39.00
95.09,68.58,71.00,39.00
96.04,70.31,71.00,39.00
96.89,64.62,71.00,39.00
92.10,68.75,71.00,39.00
75.63,73.66,71.00,39.00
80.08,73.09,71.00,39.00
90.87,74.37,71.00,39.00
2
0
0
0
0
1
69.58,94.73,26.00,40.00
68.98,94.90,26.00,40.00
67.57,95.65,26.00,40.00
67.87,95.79,26.00,40.00
67.68,95.03,26.00,40.00
67.10,94.34,26.00,40.00
66.28,95.89,26.00,40.00
65.83,97.59,26.00,40.00
64.37,101.01,26.00,40.00
64.67,99.92,26.00,40.00
64.38,100.02,26.00,40.00
61.77,101.64,26.00,40.00
60.52,107.93,26.00,40.00
57.97,109.02,26.00,40.00
56.98,112.38,26.00,40.00
57.02,115.57,26.00,40.00
52.81,117.48,26.00,40.00
49.54,118.46,26.00,40.00
49.43,118.11,26.00,40.00
50.16,118.88,26.00,40.00
45.85,115.35,26.00,40.00
43.70,114.96,26.00,40.00
40.97,114.34,26.00,40.00
42.65,115.38,26.00,40.00
41.34,117.21,26.00,40.00
39.35,118.76,26.00,40.00
38.44,119.30,26.00,40.00
36.38,120.06,26.00,40.00
32.59,121.35,26.00,40.00
31.87,119.02,26.00,40.00
32.15,116.58,26.00,40.00
31.49,115.27,26.00,40.00
36.65,121.59,26.00,40.00
38.77,123.16,26.00,40.00
40.81,127.61,26.00,40.00
40.28,129.45,26.00,40.00
40.19,131.23,26.00,40.00
39.72,133.10,26.00,40.00
37.14,132.45,26.00,40.00
36.90,132.18,26.00,40.00
38.16,134.69,26.00,40.00
35.75,136.18,26.00,40.00
39.99,133.17,26.00,40.00
41.97,131.23,26.00,40.00
43.03,129.23,26.00,40.00
42.13,121.51,26.00,40.00
42.15,119.08,26.00,40.00
46.03,114.92,26.00,40.00
45.32,115.64,26.00,40.00
50.36,116.14,26.00,40.00
56.17,110.70,26.00,40.00
58.90,109.86,26.00,40.00
56.09,106.76,26.00,40.00
56.86,105.52,26.00,40.00
52.80,112.19,26.00,40.00
56.97,111.90,26.00,40.00
71.06,107.25,26.00,40.00
70.75,108.72,26.00,40.00
79.26,114.96,26.00,40.00
70.67,119.25,26.00,40.00
79.78,118.96,26.00,40.00
70.93,122.96,26.00,40.00
75.95,119.53,26.00,40.00
73.20,114.39,26.00,40.00
65.81,108.48,26.00,40.00
78.56,106.16,26.00,40.00
81.74,108.09,26.00,40.00
77.56,102.86,26.00,40.00
82.81,97.69,26.00,40.00
82.05,90.34,26.00,40.00
2
0
0
0
0
1
129.80,90.94,75.00,34.00
130.24,90.52,75.00,34.00
130.81,89.88,75.00,34.00
131.85,88.40,75.00,34.00
133.36,89.93,75.00,34.00
133.11,90.35,75.00,34.00
134.10,91.50,75.00,34.00
132.74,93.13,75.00,34.00
130.79,90.11,75.00,34.00
132.68,91.94,75.00,34.00
136.92,90.99,75.00,34.00
135.90,85.95,75.00,34.00
134.31,84.31,75.00,34.00
135.75,84.36,75.00,34.00
137.50,81.65,75.00,34.00
137.30,80.77,75.00,34.00
136.91,82.62,75.00,34.00
144.79,85.14,75.00,34.00
139.77,87.08,75.00,34.00
136.41,91.14,75.00,34.00
137.57,91.61,75.00,34.00
134.46,103.94,75.00,34.00
131.03,98.08,75.00,34.00
132.42,108.32,75.00,34.00
129.56,115.71,75.00,34.00
2
0
0
0
0
1
152.39,84.09,69.00,33.00
152.25,84.00,69.00,33.00
151.27,84.23,69.00,33.00
150.41,84.42,69.00,33.00
149.00,85.23,69.00,33.00
146.50,85.39,69.00,33.00
145.35,86.93,69.00,33.00
142.43,87.87,69.00,33.00
137.98,88.51,69.00,33.00
131.83,90.05,69.00,33.00
128.45,90.57,69.00,33.00
125.54,90.63,69.00,33.00
118.21,91.57,69.00,33.00
109.93,92.20,69.00,33.00
108.52,95.36,69.00,33.00
108.70,96.31,69.00,33.00
101.27,93.38,69.00,33.00
98.40,92.52,69.00,33.00
88.79,91.10,69.00,33.00
83.51,90.42,69.00,33.00
81.98,88.08,69.00,33.00
83.18,82.82,69.00,33.00
74.59,83.40,69.00,33.00
66.51,84.16,69.00,33.00
65.75,83.60,69.00,33.00
61.87,78.79,69.00,33.00
47.62,74.79,69.00,33.00
50.91,88.78,69.00,33.00
54.89,94.67,69.00,33.00
61.91,88.21,69.00,33.00
59.17,88.42,69.00,33.00
55.43,82.46,69.00,33.00
54.15,85.05,69.00,33.00
53.27,81.62,69.00,33.00
60.73,84.88,69.00,33.00
69.06,87.62,69.00,33.00
74.42,82.85,69.00,33.00
73.85,92.12,69.00,33.00
72.76,91.35,69.00,33.00
73.41,85.46,69.00,33.00
72.77,85.63,69.00,33.00
71.41,86.37,69.00,33.00
72.90,85.54,69.00,33.00
77.20,84.19,69.00,33.00
73.39,84.74,69.00,33.00
68.31,93.38,69.00,33.00
71.69,89.60,69.00,33.00
72.91,87.72,69.00,33.00
70.25,91.05,69.00,33.00
64.24,100.43,69.00,33.00
2
0
0
0
0
1
79.82,69.64,33.00,37.00
79.65,69.05,33.00,37.00
79.09,68.66,33.00,37.00
79.11,67.53,33.00,37.00
79.58,66.38,33.00,37.00
79.03,65.94,33.00,37.00
80.14,64.55,33.00,37.00
80.15,62.64,33.00,37.00
80.59,62.99,33.00,37.00
83.02,62.32,33.00,37.00
83.24,61.71,33.00,37.00
80.79,60.71,33.00,37.00
76.53,59.24,33.00,37.00
79.71,57.59,33.00,37.00
74.65,55.13,33.00,37.00
75.97,52.92,33.00,37.00
74.77,49.30,33.00,37.00
2
0
0
0
0
1
137.30,45.35,68.00,34.00
137.58,45.80,68.00,34.00
138.94,46.18,68.00,34.00
140.34,48.34,68.00,34.00
140.82,48.50,68.00,34.00
140.85,49.16,68.00,34.00
137.87,49.93,68.00,34.00
145.35,47.47,68.00,34.00
148.22,49.36,68.00,34.00
150.20,48.92,68.00,34.00
154.30,50.64,68.00,34.00
151.92,51.28,68.00,34.00
151.01,54.86,68.00,34.00
2
0
0
0
0
1
