0.01420560
0.05438150
0.05415320
0.05394990
0.05500620
0.05527820
0.05442010
0.05358760
0.05389440
0.05275940
0.05394650
0.04909790
0.05044200
0.05280100
0.04984980
0.04968060
0.05139370
0.05296830
0.04700770
0.04251240
0.05110060
0.04984670
0.00000000
0.00000000
0.00000000
0.00000000
0.01411420
0.05309520
0.05353310
0.05255270
0.05307270
0.05299390
0.05285810
0.05319930
0.05501600
0.05357980
0.05267720
0.04786480
0.05342520
0.05180250
0.05290240
0.05285170
0.04939570
0.05151400
0.05163510
0.00000000
0.00000000
0.00000000
0.00000000
0.01455770
0.05863720
0.05891240
0.05789530
0.05758250
0.05728060
0.05587930
0.05729290
0.05696900
0.05474170
0.05269310
0.05657460
0.05581030
0.05676390
0.05316490
0.05384580
0.05603640
0.05695860
0.05254210
0.04968630
0.05339900
0.04839940
0.04866250
0.05368570
0.05317570
0.05626240
0.05829370
0.05630630
0.04907140
0.04687140
0.05296840
0.05114620
0.04983640
0.05738260
0.05311080
0.05203970
0.05667040
0.05816330
0.05801700
0.05696310
0.05702420
0.05736040
0.05188370
0.05667470
0.05710690
0.04916350
0.05366020
0.05498430
0.05690430
0.05292030
0.05514950
0.05357970
0.05645370
0.05497660
0.05544980
0.05663460
0.05339650
0.05691090
0.05342160
0.05382360
0.05559920
0.05555490
0.04786320
0.05115230
0.05385680
0.05403140
0.05572730
0.05602330
0.05466340
0.05254170
0.05183830
0.05517050
0.04995330
0.05369950
0.00000000
0.00000000
0.00000000
0.00000000
0.01788160
0.05888150
0.05860750
0.05836070
0.05891030
0.05758790
0.05977400
0.06434370
0.06364810
0.05913940
0.05730980
0.05817080
0.05678050
0.05877030
0.06124550
0.06205310
0.06382970
0.06651660
0.05371770
0.05919510
0.05613380
0.05665050
0.05719070
0.04914760
0.05144330
0.05039370
0.05793300
0.05164310
0.05326630
0.05335070
0.05414940
0.05746680
0.05863270
0.05586500
0.05846790
0.05919150
0.05583220
0.05768600
0.05724680
0.05233340
0.05303520
0.05727110
0.06436080
0.06013120
0.06437380
0.05571400
0.05591060
0.05148610
0.05484800
0.05201490
0.05373670
0.05419900
0.05443090
0.05311600
0.04976440
0.05285900
0.05863550
0.06226180
0.05580790
0.04921870
0.05143910
0.05951500
0.04902920
0.04514720
0.04489130
0.05406890
0.05628090
0.05473770
0.05341620
0.06212640
0.06049550
0.05399420
0.05495210
0.05792470
0.05282680
0.05013270
0.04737830
0.05055860
0.05592050
0.05416550
0.04658640
0.04888320
0.05130280
0.05027960
0.05281310
0.05849870
0.05194480
0.00000000
0.00000000
0.00000000
0.00000000
0.01912570
