1
175.21,17.48,37.00,162.00
176.62,18.36,37.00,162.00
178.84,18.92,37.00,162.00
177.51,23.03,37.00,162.00
177.64,24.80,37.00,162.00
178.98,24.04,37.00,162.00
179.26,21.09,37.00,162.00
175.82,20.93,37.00,162.00
183.69,29.50,37.00,162.00
192.73,28.74,37.00,162.00
194.72,27.12,37.00,162.00
194.70,27.73,37.00,162.00
193.93,37.01,37.00,162.00
192.57,44.47,37.00,162.00
204.87,39.54,37.00,162.00
201.95,50.01,37.00,162.00
202.35,50.49,37.00,162.00
200.60,48.38,37.00,162.00
200.49,39.00,37.00,162.00
198.28,49.72,37.00,162.00
2
0
0
0
0
1
168.10,51.38,38.00,138.00
168.00,51.37,38.00,138.00
167.62,51.06,38.00,138.00
167.73,47.43,38.00,138.00
166.46,45.67,38.00,138.00
164.53,45.91,38.00,138.00
166.96,45.62,38.00,138.00
168.72,40.10,38.00,138.00
163.43,36.90,38.00,138.00
166.59,40.87,38.00,138.00
171.49,46.97,38.00,138.00
167.95,44.98,38.00,138.00
167.45,43.35,38.00,138.00
170.34,38.54,38.00,138.00
179.51,32.21,38.00,138.00
189.11,31.47,38.00,138.00
202.69,39.82,38.00,138.00
2
0
0
0
0
1
147.95,76.71,66.00,124.00
145.24,76.09,66.00,124.00
141.74,75.27,66.00,124.00
138.37,75.78,66.00,124.00
138.84,73.69,66.00,124.00
138.87,68.01,66.00,124.00
135.82,69.73,66.00,124.00
138.52,61.77,66.00,124.00
137.62,54.87,66.00,124.00
139.90,55.56,66.00,124.00
138.58,52.88,66.00,124.00
141.64,36.18,66.00,124.00
142.01,31.54,66.00,124.00
147.66,23.12,66.00,124.00
141.78,22.41,66.00,124.00
148.32,14.13,66.00,124.00
157.61,10.14,66.00,124.00
155.09,10.26,66.00,124.00
158.22,2.88,66.00,124.00
171.00,-2.85,66.00,124.00
172.97,-4.75,66.00,124.00
174.09,-1.87,66.00,124.00
168.86,1.90,66.00,124.00
164.74,9.96,66.00,124.00
188.16,6.64,66.00,124.00
179.97,6.00,66.00,124.00
196.01,2.32,66.00,124.00
197.48,8.06,66.00,124.00
213.02,7.90,66.00,124.00
212.49,14.49,66.00,124.00
222.51,14.39,66.00,124.00
217.01,20.71,66.00,124.00
224.00,29.37,66.00,124.00
217.51,29.34,66.00,124.00
210.58,24.04,66.00,124.00
204.22,22.96,66.00,124.00
196.58,26.44,66.00,124.00
199.00,31.68,66.00,124.00
188.28,29.73,66.00,124.00
188.94,31.22,66.00,124.00
190.45,38.02,66.00,124.00
183.58,36.08,66.00,124.00
185.46,35.70,66.00,124.00
189.43,32.56,66.00,124.00
181.00,40.72,66.00,124.00
191.45,42.33,66.00,124.00
200.16,46.62,66.00,124.00
203.38,49.20,66.00,124.00
218.55,45.79,66.00,124.00
204.14,39.67,66.00,124.00
219.05,44.87,66.00,124.00
217.67,45.28,66.00,124.00
207.49,50.88,66.00,124.00
203.07,55.36,66.00,124.00
182.59,53.29,66.00,124.00
177.79,55.39,66.00,124.00
173.69,55.91,66.00,124.00
175.14,53.14,66.00,124.00
192.67,65.80,66.00,124.00
206.39,74.70,66.00,124.00
221.90,83.37,66.00,124.00
227.38,66.01,66.00,124.00
238.61,61.13,66.00,124.00
242.14,63.84,66.00,124.00
224.73,61.49,66.00,124.00
230.61,65.42,66.00,124.00
239.26,68.55,66.00,124.00
229.84,68.83,66.00,124.00
234.34,67.71,66.00,124.00
233.91,62.19,66.00,124.00
227.70,70.23,66.00,124.00
236.89,77.83,66.00,124.00
2
0
0
0
0
1
142.17,38.49,84.00,102.00
141.40,37.63,84.00,102.00
143.10,36.75,84.00,102.00
142.88,37.43,84.00,102.00
145.54,39.02,84.00,102.00
150.12,44.00,84.00,102.00
146.81,45.35,84.00,102.00
145.67,53.15,84.00,102.00
151.38,55.28,84.00,102.00
159.69,62.49,84.00,102.00
171.19,64.12,84.00,102.00
171.43,52.71,84.00,102.00
184.42,38.75,84.00,102.00
191.42,31.21,84.00,102.00
210.87,39.60,84.00,102.00
212.99,44.44,84.00,102.00
194.97,39.25,84.00,102.00
174.89,37.27,84.00,102.00
176.06,38.83,84.00,102.00
178.41,27.55,84.00,102.00
180.40,24.69,84.00,102.00
178.01,31.08,84.00,102.00
195.96,34.39,84.00,102.00
203.50,26.64,84.00,102.00
213.83,40.12,84.00,102.00
205.38,38.03,84.00,102.00
191.15,45.27,84.00,102.00
179.60,47.80,84.00,102.00
162.41,43.98,84.00,102.00
157.14,50.58,84.00,102.00
155.72,49.36,84.00,102.00
165.27,51.05,84.00,102.00
153.56,53.59,84.00,102.00
142.74,55.89,84.00,102.00
146.08,58.56,84.00,102.00
136.62,52.62,84.00,102.00
138.73,61.41,84.00,102.00
136.86,56.19,84.00,102.00
137.14,40.57,84.00,102.00
146.45,47.42,84.00,102.00
142.98,36.96,84.00,102.00
146.85,37.02,84.00,102.00
155.80,36.56,84.00,102.00
163.92,33.81,84.00,102.00
163.00,19.71,84.00,102.00
180.90,16.13,84.00,102.00
178.50,8.17,84.00,102.00
184.37,5.15,84.00,102.00
201.22,4.49,84.00,102.00
202.26,12.47,84.00,102.00
219.93,12.56,84.00,102.00
227.38,14.17,84.00,102.00
233.42,11.10,84.00,102.00
223.87,19.26,84.00,102.00
213.05,23.19,84.00,102.00
211.82,16.11,84.00,102.00
205.06,13.94,84.00,102.00
205.83,3.48,84.00,102.00
206.98,7.87,84.00,102.00
220.14,1.77,84.00,102.00
212.00,5.85,84.00,102.00
205.32,1.57,84.00,102.00
203.76,5.72,84.00,102.00
193.53,12.08,84.00,102.00
193.56,6.32,84.00,102.00
201.15,13.12,84.00,102.00
184.04,9.61,84.00,102.00
170.56,-1.58,84.00,102.00
160.29,-0.08,84.00,102.00
162.60,9.86,84.00,102.00
148.40,13.81,84.00,102.00
157.52,21.35,84.00,102.00
152.38,13.39,84.00,102.00
155.58,10.45,84.00,102.00
131.43,12.25,84.00,102.00
100.45,25.86,84.00,102.00
87.12,25.81,84.00,102.00
85.08,23.48,84.00,102.00
79.98,20.52,84.00,102.00
84.82,20.31,84.00,102.00
70.38,21.12,84.00,102.00
57.38,28.51,84.00,102.00
72.62,27.60,84.00,102.00
66.83,29.74,84.00,102.00
61.06,25.42,84.00,102.00
2
0
0
0
0
1
