1
207.24,116.81,29.00,103.00
207.19,115.74,29.00,103.00
206.84,115.70,29.00,103.00
205.91,116.74,29.00,103.00
206.66,117.85,29.00,103.00
207.88,118.26,29.00,103.00
207.76,117.27,29.00,103.00
205.82,117.81,29.00,103.00
203.95,119.86,29.00,103.00
206.81,129.03,29.00,103.00
211.47,131.76,29.00,103.00
209.23,134.29,29.00,103.00
211.98,133.88,29.00,103.00
219.30,138.45,29.00,103.00
220.67,140.44,29.00,103.00
218.87,146.73,29.00,103.00
225.18,143.92,29.00,103.00
220.14,139.40,29.00,103.00
208.95,125.36,29.00,103.00
210.65,115.37,29.00,103.00
214.50,115.89,29.00,103.00
215.60,109.82,29.00,103.00
211.25,107.13,29.00,103.00
215.45,104.82,29.00,103.00
216.28,95.83,29.00,103.00
212.78,103.69,29.00,103.00
215.20,107.46,29.00,103.00
225.41,108.59,29.00,103.00
228.26,114.19,29.00,103.00
230.81,115.05,29.00,103.00
234.32,114.77,29.00,103.00
236.68,117.33,29.00,103.00
226.95,118.24,29.00,103.00
230.64,127.01,29.00,103.00
224.77,127.32,29.00,103.00
214.35,122.04,29.00,103.00
220.52,122.44,29.00,103.00
226.11,123.02,29.00,103.00
225.69,118.30,29.00,103.00
223.27,111.34,29.00,103.00
214.27,101.74,29.00,103.00
216.52,101.43,29.00,103.00
197.91,92.73,29.00,103.00
211.60,95.36,29.00,103.00
193.41,85.86,29.00,103.00
197.55,86.95,29.00,103.00
197.55,86.39,29.00,103.00
188.20,87.27,29.00,103.00
199.34,91.01,29.00,103.00
197.81,96.48,29.00,103.00
2
0
0
0
0
1
194.55,100.76,29.00,103.00
194.25,100.56,29.00,103.00
193.87,101.86,29.00,103.00
192.27,103.66,29.00,103.00
192.92,104.49,29.00,103.00
192.52,106.53,29.00,103.00
192.80,109.55,29.00,103.00
195.88,107.71,29.00,103.00
195.33,110.50,29.00,103.00
191.70,113.36,29.00,103.00
190.08,112.14,29.00,103.00
192.99,110.65,29.00,103.00
193.86,113.10,29.00,103.00
193.77,119.22,29.00,103.00
198.03,121.65,29.00,103.00
205.51,123.37,29.00,103.00
214.78,116.62,29.00,103.00
216.13,120.32,29.00,103.00
213.92,126.87,29.00,103.00
213.44,135.65,29.00,103.00
213.83,137.70,29.00,103.00
219.37,137.04,29.00,103.00
212.77,131.65,29.00,103.00
213.33,125.22,29.00,103.00
202.75,134.71,29.00,103.00
206.35,133.35,29.00,103.00
214.56,136.54,29.00,103.00
206.93,136.05,29.00,103.00
208.29,132.60,29.00,103.00
212.65,122.21,29.00,103.00
207.16,124.00,29.00,103.00
209.10,110.25,29.00,103.00
204.22,101.46,29.00,103.00
216.56,83.74,29.00,103.00
214.69,80.33,29.00,103.00
221.43,64.58,29.00,103.00
214.65,60.17,29.00,103.00
210.34,45.00,29.00,103.00
216.06,49.24,29.00,103.00
213.48,45.88,29.00,103.00
211.99,48.03,29.00,103.00
200.77,43.81,29.00,103.00
196.85,48.13,29.00,103.00
191.60,47.60,29.00,103.00
193.64,52.96,29.00,103.00
198.06,68.32,29.00,103.00
189.21,78.41,29.00,103.00
197.30,91.08,29.00,103.00
192.19,89.85,29.00,103.00
187.82,94.74,29.00,103.00
181.99,90.45,29.00,103.00
182.11,90.56,29.00,103.00
172.77,88.92,29.00,103.00
2
0
0
0
0
1
202.21,118.78,29.00,93.00
202.80,118.02,29.00,93.00
203.23,116.65,29.00,93.00
203.94,115.73,29.00,93.00
205.14,115.82,29.00,93.00
208.37,115.11,29.00,93.00
210.11,115.42,29.00,93.00
210.84,113.28,29.00,93.00
210.39,111.09,29.00,93.00
214.16,108.87,29.00,93.00
212.66,106.94,29.00,93.00
210.57,106.47,29.00,93.00
211.78,106.74,29.00,93.00
214.34,103.39,29.00,93.00
221.27,106.19,29.00,93.00
219.34,106.83,29.00,93.00
224.13,107.35,29.00,93.00
225.73,101.06,29.00,93.00
233.28,101.83,29.00,93.00
243.44,105.53,29.00,93.00
250.70,114.95,29.00,93.00
255.16,116.85,29.00,93.00
256.78,117.35,29.00,93.00
2
0
0
0
0
1
228.57,121.08,29.00,93.00
230.18,122.32,29.00,93.00
231.34,121.64,29.00,93.00
233.01,123.37,29.00,93.00
234.97,124.26,29.00,93.00
236.24,123.96,29.00,93.00
238.89,126.52,29.00,93.00
240.52,122.94,29.00,93.00
243.56,118.70,29.00,93.00
241.96,115.25,29.00,93.00
242.12,116.12,29.00,93.00
247.95,107.77,29.00,93.00
253.11,107.66,29.00,93.00
253.85,97.51,29.00,93.00
254.47,89.61,29.00,93.00
251.68,89.88,29.00,93.00
252.45,85.75,29.00,93.00
251.52,82.89,29.00,93.00
241.58,81.63,29.00,93.00
238.47,79.01,29.00,93.00
241.78,75.42,29.00,93.00
223.22,70.03,29.00,93.00
223.13,68.27,29.00,93.00
226.25,57.55,29.00,93.00
230.11,60.87,29.00,93.00
228.79,61.13,29.00,93.00
226.61,57.48,29.00,93.00
230.30,55.54,29.00,93.00
238.48,52.38,29.00,93.00
246.72,49.60,29.00,93.00
246.86,49.58,29.00,93.00
248.53,52.36,29.00,93.00
249.93,50.95,29.00,93.00
248.22,64.79,29.00,93.00
2
0
0
0
0
1
213.98,102.04,29.00,93.00
214.66,102.86,29.00,93.00
215.73,103.05,29.00,93.00
216.59,104.97,29.00,93.00
218.46,104.13,29.00,93.00
217.14,102.78,29.00,93.00
215.87,104.17,29.00,93.00
216.18,103.54,29.00,93.00
213.20,102.03,29.00,93.00
210.43,105.84,29.00,93.00
205.39,110.01,29.00,93.00
203.44,111.35,29.00,93.00
204.52,112.35,29.00,93.00
207.13,116.21,29.00,93.00
201.66,113.76,29.00,93.00
200.54,103.03,29.00,93.00
201.28,92.40,29.00,93.00
198.59,91.67,29.00,93.00
191.69,90.80,29.00,93.00
186.26,91.39,29.00,93.00
186.98,96.83,29.00,93.00
179.08,99.29,29.00,93.00
182.89,106.79,29.00,93.00
176.07,121.47,29.00,93.00
2
0
0
0
0
1
201.60,122.50,29.00,93.00
201.26,123.34,29.00,93.00
203.27,124.44,29.00,93.00
203.56,125.39,29.00,93.00
203.86,124.10,29.00,93.00
204.57,123.94,29.00,93.00
200.14,119.98,29.00,93.00
196.79,120.81,29.00,93.00
197.27,120.92,29.00,93.00
195.24,125.83,29.00,93.00
201.30,119.58,29.00,93.00
203.96,110.87,29.00,93.00
205.14,119.78,29.00,93.00
202.90,124.78,29.00,93.00
206.76,121.73,29.00,93.00
219.35,131.41,29.00,93.00
217.14,140.91,29.00,93.00
215.76,148.26,29.00,93.00
215.61,149.93,29.00,93.00
223.25,138.05,29.00,93.00
2
0
0
0
0
1
191.80,132.68,29.00,93.00
192.17,132.49,29.00,93.00
192.46,132.76,29.00,93.00
193.18,136.06,29.00,93.00
193.71,137.15,29.00,93.00
195.91,137.05,29.00,93.00
197.77,136.10,29.00,93.00
193.95,134.52,29.00,93.00
195.29,134.03,29.00,93.00
197.28,134.03,29.00,93.00
200.87,132.98,29.00,93.00
200.11,131.81,29.00,93.00
204.35,135.95,29.00,93.00
205.74,136.53,29.00,93.00
207.03,136.16,29.00,93.00
206.43,137.50,29.00,93.00
206.77,138.44,29.00,93.00
205.10,141.63,29.00,93.00
204.87,138.53,29.00,93.00
205.62,129.96,29.00,93.00
210.02,131.86,29.00,93.00
204.13,130.55,29.00,93.00
205.60,123.27,29.00,93.00
209.39,129.39,29.00,93.00
210.08,132.97,29.00,93.00
209.15,135.32,29.00,93.00
206.88,135.88,29.00,93.00
204.18,134.53,29.00,93.00
212.37,129.60,29.00,93.00
214.79,132.77,29.00,93.00
213.11,136.22,29.00,93.00
212.30,142.53,29.00,93.00
212.93,146.35,29.00,93.00
214.97,151.27,29.00,93.00
2
0
0
0
0
1
188.11,116.83,28.00,87.00
188.24,116.65,28.00,87.00
188.17,117.01,28.00,87.00
187.61,119.90,28.00,87.00
187.28,117.61,28.00,87.00
187.66,117.77,28.00,87.00
184.14,116.41,28.00,87.00
181.70,113.30,28.00,87.00
179.05,110.63,28.00,87.00
178.69,110.00,28.00,87.00
182.32,110.70,28.00,87.00
185.43,111.08,28.00,87.00
185.91,105.50,28.00,87.00
180.66,107.75,28.00,87.00
181.06,106.65,28.00,87.00
177.45,104.77,28.00,87.00
177.47,98.28,28.00,87.00
176.91,99.97,28.00,87.00
173.46,96.03,28.00,87.00
165.86,95.56,28.00,87.00
158.43,96.67,28.00,87.00
155.56,87.76,28.00,87.00
155.13,85.13,28.00,87.00
147.59,83.25,28.00,87.00
143.00,81.63,28.00,87.00
142.75,88.80,28.00,87.00
138.12,95.75,28.00,87.00
127.12,96.92,28.00,87.00
124.60,102.33,28.00,87.00
2
0
0
0
0
1
141.38,93.70,28.00,74.00
141.91,93.53,28.00,74.00
142.36,93.51,28.00,74.00
142.81,93.42,28.00,74.00
142.21,96.01,28.00,74.00
144.59,96.51,28.00,74.00
144.90,95.35,28.00,74.00
145.87,96.18,28.00,74.00
148.08,92.57,28.00,74.00
143.88,91.37,28.00,74.00
142.91,89.74,28.00,74.00
140.69,90.18,28.00,74.00
139.79,91.93,28.00,74.00
136.90,92.06,28.00,74.00
138.62,83.85,28.00,74.00
138.26,86.28,28.00,74.00
141.73,88.97,28.00,74.00
141.90,91.02,28.00,74.00
144.86,98.61,28.00,74.00
142.53,105.32,28.00,74.00
144.55,108.91,28.00,74.00
146.31,111.96,28.00,74.00
146.53,114.53,28.00,74.00
145.93,114.98,28.00,74.00
147.42,114.59,28.00,74.00
148.34,111.78,28.00,74.00
155.65,111.40,28.00,74.00
152.50,107.07,28.00,74.00
152.67,102.42,28.00,74.00
158.15,101.82,28.00,74.00
156.53,104.41,28.00,74.00
155.18,105.68,28.00,74.00
163.73,111.99,28.00,74.00
166.44,108.25,28.00,74.00
167.75,115.84,28.00,74.00
170.96,110.59,28.00,74.00
169.28,103.11,28.00,74.00
171.76,94.64,28.00,74.00
163.38,90.76,28.00,74.00
165.60,93.71,28.00,74.00
163.35,88.87,28.00,74.00
159.83,87.54,28.00,74.00
159.43,82.85,28.00,74.00
153.94,81.88,28.00,74.00
153.90,75.98,28.00,74.00
159.29,71.09,28.00,74.00
145.74,55.58,28.00,74.00
149.99,52.12,28.00,74.00
145.94,45.41,28.00,74.00
146.21,46.80,28.00,74.00
159.03,43.66,28.00,74.00
155.18,37.86,28.00,74.00
149.60,35.15,28.00,74.00
143.88,38.67,28.00,74.00
153.83,38.41,28.00,74.00
147.69,39.31,28.00,74.00
2
0
0
0
0
1
160.33,117.76,33.00,96.00
161.67,117.83,33.00,96.00
164.42,117.74,33.00,96.00
163.68,116.56,33.00,96.00
165.56,116.68,33.00,96.00
162.90,118.42,33.00,96.00
163.74,121.50,33.00,96.00
169.00,119.33,33.00,96.00
175.03,119.57,33.00,96.00
171.79,115.47,33.00,96.00
174.69,112.61,33.00,96.00
172.09,115.83,33.00,96.00
173.50,103.44,33.00,96.00
181.21,110.75,33.00,96.00
188.27,114.73,33.00,96.00
197.12,118.52,33.00,96.00
2
0
0
0
0
1
162.24,92.68,33.00,90.00
162.85,92.80,33.00,90.00
160.90,92.39,33.00,90.00
158.78,94.13,33.00,90.00
157.34,98.39,33.00,90.00
154.18,101.42,33.00,90.00
151.97,104.15,33.00,90.00
149.06,105.40,33.00,90.00
147.35,108.59,33.00,90.00
150.51,112.55,33.00,90.00
149.84,118.30,33.00,90.00
147.18,117.44,33.00,90.00
157.97,115.12,33.00,90.00
134.57,127.18,33.00,90.00
132.39,126.54,33.00,90.00
131.74,124.86,33.00,90.00
131.59,125.46,33.00,90.00
129.85,117.11,33.00,90.00
131.30,123.76,33.00,90.00
135.63,131.38,33.00,90.00
135.06,132.27,33.00,90.00
132.48,121.02,33.00,90.00
131.38,122.25,33.00,90.00
130.40,130.52,33.00,90.00
2
0
0
0
0
1
153.25,89.23,33.00,92.00
154.02,89.03,33.00,92.00
155.75,88.44,33.00,92.00
154.29,88.95,33.00,92.00
153.83,87.52,33.00,92.00
153.08,89.38,33.00,92.00
150.54,89.29,33.00,92.00
149.78,90.82,33.00,92.00
147.72,85.71,33.00,92.00
143.83,87.32,33.00,92.00
139.99,90.74,33.00,92.00
138.88,96.63,33.00,92.00
133.17,102.44,33.00,92.00
130.54,100.49,33.00,92.00
126.80,93.47,33.00,92.00
125.71,92.10,33.00,92.00
2
0
0
0
0
1
157.67,85.84,33.00,88.00
157.20,85.56,33.00,88.00
157.86,86.63,33.00,88.00
159.20,87.04,33.00,88.00
160.47,89.27,33.00,88.00
163.05,90.11,33.00,88.00
163.57,92.38,33.00,88.00
163.61,94.86,33.00,88.00
163.25,97.93,33.00,88.00
163.78,101.52,33.00,88.00
164.20,100.61,33.00,88.00
165.40,100.96,33.00,88.00
167.87,105.46,33.00,88.00
166.02,103.34,33.00,88.00
163.31,102.71,33.00,88.00
161.74,112.03,33.00,88.00
159.92,121.28,33.00,88.00
156.89,122.82,33.00,88.00
156.69,124.45,33.00,88.00
155.06,126.49,33.00,88.00
149.96,134.97,33.00,88.00
149.58,135.96,33.00,88.00
150.93,131.31,33.00,88.00
150.71,132.32,33.00,88.00
148.39,139.89,33.00,88.00
142.61,144.19,33.00,88.00
135.10,151.22,33.00,88.00
132.32,150.99,33.00,88.00
135.91,151.61,33.00,88.00
137.12,149.76,33.00,88.00
138.12,143.33,33.00,88.00
137.30,136.44,33.00,88.00
136.00,138.19,33.00,88.00
135.27,140.34,33.00,88.00
141.34,132.23,33.00,88.00
141.54,138.03,33.00,88.00
129.74,132.30,33.00,88.00
2
0
0
0
0
1
161.44,95.96,33.00,82.00
161.24,96.14,33.00,82.00
161.41,95.63,33.00,82.00
161.74,94.49,33.00,82.00
162.10,94.75,33.00,82.00
163.03,95.12,33.00,82.00
168.31,95.61,33.00,82.00
168.40,98.79,33.00,82.00
167.81,96.75,33.00,82.00
168.26,94.43,33.00,82.00
166.18,93.74,33.00,82.00
170.22,95.03,33.00,82.00
170.37,98.26,33.00,82.00
169.00,103.45,33.00,82.00
166.31,102.66,33.00,82.00
166.15,102.98,33.00,82.00
158.66,118.14,33.00,82.00
165.83,126.92,33.00,82.00
169.57,139.03,33.00,82.00
165.24,139.58,33.00,82.00
163.55,143.62,33.00,82.00
157.73,132.65,33.00,82.00
158.92,131.65,33.00,82.00
158.52,134.97,33.00,82.00
152.97,129.21,33.00,82.00
152.70,137.57,33.00,82.00
150.63,135.86,33.00,82.00
146.66,131.30,33.00,82.00
131.19,119.99,33.00,82.00
128.72,110.27,33.00,82.00
121.90,104.38,33.00,82.00
118.60,105.32,33.00,82.00
109.18,108.15,33.00,82.00
105.60,107.39,33.00,82.00
108.93,112.29,33.00,82.00
98.36,116.39,33.00,82.00
2
0
0
0
0
1
141.76,106.90,28.00,82.00
142.62,106.53,28.00,82.00
144.30,106.48,28.00,82.00
143.75,106.28,28.00,82.00
144.44,106.43,28.00,82.00
146.18,104.27,28.00,82.00
150.34,101.08,28.00,82.00
151.69,100.18,28.00,82.00
159.61,99.05,28.00,82.00
159.40,95.61,28.00,82.00
164.43,98.32,28.00,82.00
167.59,94.15,28.00,82.00
166.45,90.74,28.00,82.00
168.64,92.55,28.00,82.00
2
0
0
0
0
1
122.56,80.02,32.00,89.00
122.76,80.37,32.00,89.00
122.82,80.45,32.00,89.00
123.45,79.33,32.00,89.00
123.35,79.17,32.00,89.00
2
0
0
0
0
1
235.14,24.46,41.00,143.00
235.59,24.70,41.00,143.00
238.38,23.24,41.00,143.00
242.94,22.55,41.00,143.00
243.42,24.69,41.00,143.00
243.52,21.66,41.00,143.00
243.14,19.40,41.00,143.00
241.71,20.66,41.00,143.00
241.49,25.01,41.00,143.00
234.69,19.01,41.00,143.00
231.28,16.56,41.00,143.00
226.68,18.48,41.00,143.00
219.03,17.31,41.00,143.00
216.09,27.40,41.00,143.00
205.94,32.65,41.00,143.00
205.56,41.97,41.00,143.00
195.25,35.44,41.00,143.00
186.39,29.51,41.00,143.00
182.17,25.13,41.00,143.00
173.03,26.23,41.00,143.00
166.40,27.44,41.00,143.00
173.19,25.19,41.00,143.00
172.75,34.30,41.00,143.00
179.17,34.46,41.00,143.00
172.48,43.82,41.00,143.00
169.24,47.64,41.00,143.00
168.60,40.76,41.00,143.00
161.13,43.24,41.00,143.00
156.67,48.79,41.00,143.00
