0.01412850
0.05053310
0.04981630
0.05013820
0.05013730
0.04994210
0.04969220
0.05008030
0.04988850
0.05320110
0.05040970
0.04989810
0.05009110
0.05001290
0.04953340
0.05690160
0.05026060
0.04867500
0.04857810
0.04576910
0.04956840
0.04987220
0.04959890
0.04956370
0.05045260
0.04975860
0.04922160
0.05057650
0.05112080
0.05177540
0.05201720
0.05008590
0.04904050
0.05084100
0.05055040
0.04905120
0.04936990
0.04765170
0.04989970
0.04944710
0.04867950
0.04629160
0.04885590
0.04935790
0.04978480
0.04882930
0.04679520
0.04839440
0.04400970
0.04807590
0.05076060
0.05126720
0.00000000
0.00000000
0.00000000
0.00000000
0.01378990
0.05079090
0.05066300
0.05070640
0.05007720
0.05016030
0.04992890
0.05043160
0.05016710
0.04975740
0.05007580
0.04985110
0.05031000
0.05017000
0.04920580
0.04788170
0.04917530
0.05103130
0.05061850
0.04918450
0.04999380
0.04990010
0.04968460
0.04926210
0.04457360
0.04463850
0.05042070
0.04938130
0.05002300
0.04953320
0.04665780
0.04905060
0.04660230
0.04998160
0.04673350
0.04845110
0.04621500
0.05003570
0.04846600
0.04887850
0.04719290
0.04892860
0.04598030
0.04645720
0.04563410
0.04912420
0.04816910
0.04659800
0.04587100
0.04935750
0.04775400
0.04987670
0.04998450
0.04815320
0.04907400
0.00000000
0.00000000
0.00000000
0.00000000
0.01396450
0.04933670
0.05068410
0.05013760
0.04938130
0.05069030
0.05052740
0.04895890
0.04888420
0.04866850
0.04978500
0.05004330
0.04974910
0.04927830
0.04879720
0.04949340
0.04913480
0.04878100
0.04881050
0.04907910
0.04860600
0.04934030
0.04889210
0.04858760
0.04533850
0.00000000
0.00000000
0.00000000
0.00000000
0.01348420
0.04874630
0.04942810
0.04914200
0.04892160
0.04896470
0.04889780
0.05002340
0.04947120
0.04946350
0.04892490
0.04893930
0.04906690
0.04985160
0.04870010
0.04893880
0.04724320
0.04786950
0.04558730
0.04380260
0.04840510
0.04947380
0.04414980
0.04826200
0.04624790
0.04817180
0.04917770
0.04921500
0.04879760
0.04713010
0.04865540
0.04715580
0.04663060
0.04748180
0.04620220
0.04752000
0.00000000
0.00000000
0.00000000
0.00000000
0.01365390
0.05033250
0.05026830
0.04954640
0.04921770
0.04866310
0.04854600
0.04896530
0.04978830
0.04848130
0.04926030
0.04948080
0.04917450
0.04897950
0.04878290
0.04735360
0.04565540
0.04631610
0.04883190
0.04775060
0.04867500
0.05066480
0.05029220
0.04752950
0.04965490
0.04968290
0.00000000
0.00000000
0.00000000
0.00000000
0.01417310
0.05038130
0.04926480
0.04905860
0.04939400
0.04986380
0.05085950
0.04937690
0.04934410
0.04939070
0.04943770
0.04934790
0.04892230
0.04913150
0.04945180
0.04943710
0.04925770
0.04901990
0.04894970
0.04834570
0.04358220
0.04534700
0.00000000
0.00000000
0.00000000
0.00000000
0.01351130
0.04981940
0.05008320
0.04911520
0.04995390
0.04939580
0.04950730
0.04900290
0.04983650
0.04931680
0.04944310
0.04998410
0.05014630
0.04976610
0.05101980
0.05042950
0.04972510
0.04960430
0.05060640
0.05026860
0.04988200
0.04935630
0.04753430
0.05074940
0.04890260
0.04957120
0.05009860
0.04860090
0.04615960
0.04826990
0.04835200
0.05027110
0.04909950
0.04788630
0.04608100
0.04250770
0.00000000
0.00000000
0.00000000
0.00000000
0.01407900
0.04844160
0.04922870
0.04892670
0.04893450
0.04851180
0.04848040
0.04920120
0.04898350
0.04941120
0.04844390
0.04888560
0.04913720
0.04878250
0.04863210
0.04889790
0.04871190
0.04900520
0.05022370
0.04981440
0.04729430
0.04835390
0.05002020
0.05039380
0.05004970
0.04874550
0.04899700
0.04895930
0.04851250
0.04905550
0.04814850
0.00000000
0.00000000
0.00000000
0.00000000
0.01435520
0.04820140
0.04860580
0.04838960
0.04807590
0.04815240
0.04859990
0.04861320
0.04820990
0.04845810
0.04867480
0.04819200
0.04867750
0.04822240
0.04814680
0.04826780
0.04804090
0.04824370
0.04842950
0.04834890
0.04919200
0.04919980
0.04840820
0.04825030
0.04847000
0.04910340
0.04864720
0.04964270
0.04966440
0.04921690
0.04793810
0.04940660
0.04871870
0.05197890
0.04901260
0.04879200
0.04867950
0.04763610
0.04685360
0.04574790
0.04798370
0.04777850
0.04849330
0.04826970
0.04815400
0.04883100
0.04539910
0.04643970
0.04590720
0.04398760
0.04830350
0.04820830
0.04753020
0.04615760
0.04244050
0.04812190
0.04625840
0.04806970
0.00000000
0.00000000
0.00000000
0.00000000
0.01384100
0.05037440
0.05010280
0.04973970
0.04964370
0.04952630
0.04977260
0.04925850
0.05029710
0.05152810
0.05153480
0.05164610
0.05057070
0.04841630
0.05115560
0.04987040
0.05006600
0.04988620
0.00000000
0.00000000
0.00000000
0.00000000
0.01368140
0.05008330
0.04935810
0.04972520
0.04924840
0.04979840
0.04950420
0.04989360
0.04939690
0.04967920
0.05019000
0.04943100
0.04946350
0.04841200
0.04590360
0.04723120
0.04644760
0.04834110
0.04635970
0.04849900
0.04984400
0.04971390
0.04530070
0.04604030
0.04911930
0.04869170
0.00000000
0.00000000
0.00000000
0.00000000
0.01400910
0.05050140
0.04968140
0.05051730
0.04998420
0.05005450
0.05166330
0.05139310
0.05026610
0.05069020
0.05127390
0.05153350
0.04989320
0.05019750
0.04962640
0.05014220
0.04980520
0.04988250
0.00000000
0.00000000
0.00000000
0.00000000
0.01396160
0.05049610
0.04972870
0.04937860
0.04991170
0.05011790
0.05019600
0.05047870
0.04923730
0.04953550
0.04923690
0.04971270
0.04948560
0.04907480
0.04910300
0.04929810
0.04941230
0.04948480
0.04904230
0.04923730
0.04935270
0.04937780
0.04900250
0.04907030
0.04776260
0.04875780
0.04929700
0.05006520
0.05134320
0.04828990
0.04907440
0.04661600
0.05108720
0.04845350
0.05032760
0.04945900
0.04712640
0.04540690
0.04730950
0.00000000
0.00000000
0.00000000
0.00000000
0.01435210
0.04948380
0.04934920
0.04871920
0.05184450
0.04870570
0.04942740
0.04891650
0.04917760
0.04910510
0.04872940
0.04905720
0.04909660
0.04906070
0.04915320
0.04901400
0.04893430
0.04556180
0.04496110
0.04892460
0.04583550
0.04892280
0.04537970
0.04822720
0.04727440
0.04495170
0.04593080
0.05023990
0.04955340
0.04755200
0.04466080
0.04935570
0.04647980
0.04887690
0.05017290
0.04963010
0.04913750
0.04782670
0.00000000
0.00000000
0.00000000
0.00000000
0.01397320
0.04872770
0.04870140
0.04876730
0.04831010
0.04880030
0.04906690
0.04865490
0.04885360
0.05136090
0.04878540
0.04866180
0.04867810
0.04853680
0.04795190
0.04778160
0.00000000
0.00000000
0.00000000
0.00000000
0.01393610
0.04971730
0.04970330
0.04929870
0.05042340
0.05000320
0.05059280
0.00000000
0.00000000
0.00000000
0.00000000
0.01403570
0.05412550
0.05367100
0.05364650
0.05385500
0.05400860
0.05374520
0.05402780
0.05459850
0.05539590
0.05465990
0.05412770
0.05226720
0.05369440
0.05149350
0.05372600
0.05284140
0.05201760
0.05334370
0.05219230
0.05462320
0.05323690
0.05289930
0.04682750
0.05314870
0.04951530
0.05013650
0.05137700
0.04946290
0.05105640
