0.01542890
0.10612270
0.10492250
0.10298000
0.10224920
0.10488440
0.10212490
0.10139340
0.10884010
0.10360790
0.10332250
0.10248110
0.10215310
0.10187320
0.10064870
0.10224590
0.10151920
0.10798560
0.10537630
0.10190510
0.10342190
0.10192970
0.09647810
0.09795950
0.09756960
0.10046300
0.09774720
0.10298860
0.10821840
0.10287170
0.00000000
0.00000000
0.00000000
0.00000000
0.01510580
0.09699790
0.09721560
0.09804260
0.09812220
0.10061310
0.10286770
0.10227850
0.10856270
0.09578460
0.09779150
0.09886640
0.10197270
0.10132540
0.09984420
0.09797670
0.10702430
0.09294640
0.09416330
0.10234490
0.09555360
0.09637410
0.09783700
0.09700070
0.10045160
0.10315020
0.09741480
0.09707240
0.09829950
0.09794630
0.09761700
0.10082930
0.09882290
0.10679490
0.09864810
0.10616150
0.09544520
0.09095510
0.09583430
0.09089510
0.10725310
0.09386420
0.09257250
0.09495330
0.10824410
0.09579000
0.09044230
0.09897470
0.09702990
0.09180810
0.09742920
0.09874800
0.09042000
0.09013640
0.10011000
0.08587810
0.09698710
0.08839940
0.10080480
0.10851820
0.09492930
0.09448780
0.10765340
0.09435360
0.10501450
0.11138090
0.10940700
0.09486490
0.09284090
0.09159500
0.08474460
0.09824240
0.10488340
0.09780690
0.10064040
0.09468500
0.09771320
0.11013860
0.09588030
0.09117590
0.09921190
0.09574780
0.09317480
0.09872490
0.10497230
0.10283350
0.10132010
0.09661100
0.09784540
0.09711960
0.10518580
0.10918900
0.09696130
0.09739040
0.11240070
0.09427960
0.09708010
0.09802220
0.09773810
0.09897840
0.09757920
0.11056260
0.09401310
0.09406580
0.09403290
0.09658500
0.10568940
0.09955370
0.10661150
0.09760980
0.09787200
0.08773620
0.09511850
0.09142200
0.09721460
0.10057320
0.09600580
0.09330060
0.09724570
0.10386440
0.00000000
0.00000000
0.00000000
0.00000000
0.01494200
0.09899860
0.09820480
0.10435140
0.09783200
0.09866700
0.10372870
0.09838210
0.09938190
0.09996760
0.09911240
0.10057070
0.09769910
0.09892910
0.11420930
0.09599720
0.09811260
0.09893270
0.09940420
0.10233020
0.09843500
0.09582420
0.09805780
0.09180070
0.09866410
0.09780900
0.09746730
0.09454020
0.09622640
0.10581920
0.09974410
0.08916470
0.09624690
0.07923880
0.09044980
0.08703970
0.07197320
0.09730370
0.09256480
0.09553830
0.09949180
0.08941370
0.08631970
0.09458120
0.08646550
0.09632580
0.10147870
0.09554890
0.11238890
0.09357760
0.09465100
0.00000000
0.00000000
0.00000000
0.00000000
0.01457470
0.09373660
0.08459950
0.08460590
0.08413080
0.08443170
0.08465020
0.08402700
0.10184260
0.08443410
0.08367750
0.08420000
0.08402330
0.08357380
0.08567220
0.08465730
0.08422570
0.08523070
0.08169220
0.08355440
0.08318590
0.08260650
0.09565900
0.08359590
0.08527760
0.09431210
0.08994970
0.09041570
0.08361120
0.00000000
0.00000000
0.00000000
0.00000000
0.01465990
0.08456600
0.08820610
0.08532820
0.08398780
0.09102440
0.08672540
0.08248080
0.08466780
0.08520000
0.08466210
0.08482390
0.08559650
0.08879520
0.08723150
0.08470490
0.08456080
0.08501070
0.09023500
0.08443770
0.09273030
0.08998680
0.08346500
0.08373040
0.08824830
0.08302630
0.07962710
0.08738180
0.08910270
0.08968230
0.08141800
0.08204610
0.08437910
0.08471930
0.08453540
0.08511140
0.08517660
0.08310730
0.09067790
0.08619970
0.08453490
0.00000000
0.00000000
0.00000000
0.00000000
0.01753310
