1
147.81,114.05,83.00,217.00
148.04,112.85,83.00,217.00
149.59,111.93,83.00,217.00
148.51,110.76,83.00,217.00
145.14,114.04,83.00,217.00
143.10,113.22,83.00,217.00
141.52,117.51,83.00,217.00
137.41,125.62,83.00,217.00
133.50,133.86,83.00,217.00
124.25,145.06,83.00,217.00
120.24,145.23,83.00,217.00
110.92,157.78,83.00,217.00
113.67,159.73,83.00,217.00
113.55,160.64,83.00,217.00
104.46,154.60,83.00,217.00
101.62,166.46,83.00,217.00
102.17,170.68,83.00,217.00
113.24,173.21,83.00,217.00
115.78,171.30,83.00,217.00
130.73,180.91,83.00,217.00
128.66,195.99,83.00,217.00
125.21,193.07,83.00,217.00
128.24,186.52,83.00,217.00
129.27,177.67,83.00,217.00
143.08,176.12,83.00,217.00
155.06,172.33,83.00,217.00
151.05,179.30,83.00,217.00
172.88,187.38,83.00,217.00
2
0
0
0
0
1
104.29,160.16,73.00,204.00
103.05,161.89,73.00,204.00
103.09,161.04,73.00,204.00
106.63,162.71,73.00,204.00
103.15,162.23,73.00,204.00
106.56,160.30,73.00,204.00
111.09,161.96,73.00,204.00
113.72,156.43,73.00,204.00
117.35,152.52,73.00,204.00
124.72,145.03,73.00,204.00
118.79,137.14,73.00,204.00
130.15,130.54,73.00,204.00
136.91,131.74,73.00,204.00
140.98,128.62,73.00,204.00
146.40,132.22,73.00,204.00
136.45,132.37,73.00,204.00
145.19,132.91,73.00,204.00
148.26,141.94,73.00,204.00
148.52,155.70,73.00,204.00
170.71,155.54,73.00,204.00
181.74,156.11,73.00,204.00
180.55,159.44,73.00,204.00
169.11,166.12,73.00,204.00
161.44,171.59,73.00,204.00
148.15,174.47,73.00,204.00
146.74,174.52,73.00,204.00
153.56,179.15,73.00,204.00
166.27,184.97,73.00,204.00
146.91,189.66,73.00,204.00
156.06,206.37,73.00,204.00
158.94,208.10,73.00,204.00
140.70,209.70,73.00,204.00
148.86,206.60,73.00,204.00
133.95,206.54,73.00,204.00
127.87,197.20,73.00,204.00
124.11,201.27,73.00,204.00
142.06,209.37,73.00,204.00
124.97,216.42,73.00,204.00
140.25,220.94,73.00,204.00
140.76,228.29,73.00,204.00
147.91,234.06,73.00,204.00
139.89,242.55,73.00,204.00
136.74,248.66,73.00,204.00
149.90,241.63,73.00,204.00
143.84,226.95,73.00,204.00
146.60,233.96,73.00,204.00
145.33,234.78,73.00,204.00
147.65,238.42,73.00,204.00
171.58,237.70,73.00,204.00
180.31,237.22,73.00,204.00
165.28,255.54,73.00,204.00
163.55,253.33,73.00,204.00
176.24,258.86,73.00,204.00
189.35,257.32,73.00,204.00
178.55,250.43,73.00,204.00
177.31,241.81,73.00,204.00
168.32,240.01,73.00,204.00
166.17,238.07,73.00,204.00
171.45,247.27,73.00,204.00
159.17,262.86,73.00,204.00
161.32,262.09,73.00,204.00
165.83,272.58,73.00,204.00
174.49,276.04,73.00,204.00
183.88,274.85,73.00,204.00
190.19,280.58,73.00,204.00
162.96,283.12,73.00,204.00
167.04,280.40,73.00,204.00
173.40,276.31,73.00,204.00
171.90,274.87,73.00,204.00
157.16,282.82,73.00,204.00
151.12,287.27,73.00,204.00
143.93,283.51,73.00,204.00
151.34,277.29,73.00,204.00
146.46,266.70,73.00,204.00
145.02,260.17,73.00,204.00
152.32,235.10,73.00,204.00
161.84,239.73,73.00,204.00
162.36,251.51,73.00,204.00
162.83,247.78,73.00,204.00
151.25,248.98,73.00,204.00
147.19,252.55,73.00,204.00
145.51,237.39,73.00,204.00
137.46,246.76,73.00,204.00
133.29,247.45,73.00,204.00
137.00,244.21,73.00,204.00
134.54,248.16,73.00,204.00
132.62,251.56,73.00,204.00
135.22,253.60,73.00,204.00
126.06,261.15,73.00,204.00
125.85,261.29,73.00,204.00
122.82,270.57,73.00,204.00
123.59,265.02,73.00,204.00
125.86,261.21,73.00,204.00
119.83,255.19,73.00,204.00
117.62,254.50,73.00,204.00
121.53,248.97,73.00,204.00
125.78,237.85,73.00,204.00
128.13,228.62,73.00,204.00
123.52,229.82,73.00,204.00
131.56,230.76,73.00,204.00
131.78,233.05,73.00,204.00
124.44,227.88,73.00,204.00
118.42,233.65,73.00,204.00
124.49,235.88,73.00,204.00
124.79,239.78,73.00,204.00
135.36,240.23,73.00,204.00
140.41,234.53,73.00,204.00
140.37,241.09,73.00,204.00
136.60,247.31,73.00,204.00
141.47,251.06,73.00,204.00
147.18,260.56,73.00,204.00
151.61,256.67,73.00,204.00
164.38,265.14,73.00,204.00
171.41,266.97,73.00,204.00
167.68,277.24,73.00,204.00
153.31,290.32,73.00,204.00
162.73,289.09,73.00,204.00
158.65,300.73,73.00,204.00
2
0
0
0
0
1
98.30,168.94,110.00,135.00
97.88,171.28,110.00,135.00
97.53,172.70,110.00,135.00
98.10,172.27,110.00,135.00
95.83,168.33,110.00,135.00
96.96,165.47,110.00,135.00
96.85,165.28,110.00,135.00
97.21,172.21,110.00,135.00
99.10,173.01,110.00,135.00
96.34,166.76,110.00,135.00
92.58,171.41,110.00,135.00
88.57,166.98,110.00,135.00
85.21,158.30,110.00,135.00
81.36,154.81,110.00,135.00
71.79,160.73,110.00,135.00
73.69,159.51,110.00,135.00
69.03,159.85,110.00,135.00
66.57,165.29,110.00,135.00
64.79,162.56,110.00,135.00
56.04,164.93,110.00,135.00
44.39,164.94,110.00,135.00
40.62,164.42,110.00,135.00
41.94,164.97,110.00,135.00
31.04,175.45,110.00,135.00
32.22,156.12,110.00,135.00
31.52,153.35,110.00,135.00
28.84,153.68,110.00,135.00
24.33,137.73,110.00,135.00
16.64,127.94,110.00,135.00
5.79,143.32,110.00,135.00
-3.55,163.12,110.00,135.00
-10.86,162.05,110.00,135.00
-12.42,144.28,110.00,135.00
-15.02,152.39,110.00,135.00
-19.55,162.35,110.00,135.00
-5.52,165.02,110.00,135.00
-1.47,170.76,110.00,135.00
9.29,171.02,110.00,135.00
13.76,188.24,110.00,135.00
14.56,204.36,110.00,135.00
26.51,224.68,110.00,135.00
38.87,215.35,110.00,135.00
54.12,216.38,110.00,135.00
67.68,206.25,110.00,135.00
68.75,206.43,110.00,135.00
87.95,198.47,110.00,135.00
98.76,215.09,110.00,135.00
107.44,221.09,110.00,135.00
107.56,235.00,110.00,135.00
2
0
0
0
0
1
120.92,165.85,77.00,82.00
120.35,165.19,77.00,82.00
119.96,164.41,77.00,82.00
121.56,165.42,77.00,82.00
123.46,164.99,77.00,82.00
123.50,165.01,77.00,82.00
125.40,165.51,77.00,82.00
124.96,164.88,77.00,82.00
127.32,167.40,77.00,82.00
124.27,166.43,77.00,82.00
127.71,160.79,77.00,82.00
129.73,158.60,77.00,82.00
133.87,152.43,77.00,82.00
136.44,151.97,77.00,82.00
141.08,152.59,77.00,82.00
141.77,149.01,77.00,82.00
143.34,150.94,77.00,82.00
156.64,151.91,77.00,82.00
159.38,149.60,77.00,82.00
159.82,148.95,77.00,82.00
155.88,143.53,77.00,82.00
152.82,145.89,77.00,82.00
143.01,149.83,77.00,82.00
141.04,148.96,77.00,82.00
134.56,134.73,77.00,82.00
137.82,135.21,77.00,82.00
131.03,129.88,77.00,82.00
2
0
0
0
0
1
218.52,189.53,56.00,119.00
219.08,189.08,56.00,119.00
219.79,188.74,56.00,119.00
219.51,185.55,56.00,119.00
219.81,181.82,56.00,119.00
216.65,181.05,56.00,119.00
215.69,178.71,56.00,119.00
216.40,180.63,56.00,119.00
213.60,185.63,56.00,119.00
209.59,185.87,56.00,119.00
210.34,187.75,56.00,119.00
207.54,187.42,56.00,119.00
209.63,184.76,56.00,119.00
211.83,185.84,56.00,119.00
212.66,183.22,56.00,119.00
213.34,174.84,56.00,119.00
217.69,174.89,56.00,119.00
219.10,170.31,56.00,119.00
214.53,167.18,56.00,119.00
215.28,160.74,56.00,119.00
214.08,164.82,56.00,119.00
213.02,162.86,56.00,119.00
214.92,146.34,56.00,119.00
206.96,132.93,56.00,119.00
205.21,132.42,56.00,119.00
210.78,148.53,56.00,119.00
202.85,145.73,56.00,119.00
195.42,136.92,56.00,119.00
200.26,145.99,56.00,119.00
195.24,148.99,56.00,119.00
197.36,157.26,56.00,119.00
203.89,158.60,56.00,119.00
204.25,158.67,56.00,119.00
198.74,155.94,56.00,119.00
202.31,163.12,56.00,119.00
200.79,164.12,56.00,119.00
205.81,163.70,56.00,119.00
208.85,165.64,56.00,119.00
203.23,181.88,56.00,119.00
2
0
0
0
0
1
