0.01566610
0.05364310
0.05144890
0.05163790
0.05166150
0.05336380
0.05289310
0.05175500
0.05172080
0.05221760
0.05212530
0.05206570
0.05197180
0.05226890
0.05299340
0.05373500
0.05248690
0.05223040
0.05258120
0.05166020
0.05156940
0.05213690
0.05260560
0.05247920
0.05177680
0.05291230
0.05246700
0.05248100
0.05228760
0.05217040
0.05125500
0.05196880
0.04981450
0.05195090
0.05216710
0.05210110
0.05332260
0.05316830
0.05171800
0.05283920
0.05207380
0.05182830
0.05230720
0.05051030
0.05132820
0.05171770
0.05223480
0.05203210
0.05247090
0.05323000
0.05305850
0.05489150
0.05315530
0.05283770
0.05152210
0.05238490
0.05253810
0.05245280
0.05218660
0.05188730
0.05238370
0.05203270
0.05252520
0.05246880
0.05262370
0.05258830
0.05240040
0.05216790
0.05155050
0.05203300
0.05258510
0.05224260
0.05359180
0.05452040
0.05223930
0.05260200
0.05278380
0.05306410
0.05124320
0.05213530
0.05237510
0.05200640
0.05215320
0.05190790
0.05187090
0.05175770
0.05289910
0.05336780
0.05245880
0.05186380
0.05192060
0.05202830
0.05178690
0.05175200
0.05219020
0.05185990
0.05212150
0.05189690
0.05259840
0.05249350
0.05278130
0.05237290
0.05185960
0.05212060
0.05199260
0.05218090
0.05231010
0.05249470
0.05680980
0.05797350
0.05285350
0.05338560
0.05198770
0.05370430
0.05275080
0.05242500
0.05216820
0.05339420
0.05288040
0.05139130
0.05185020
0.05178510
0.05228970
0.05388230
0.05377770
0.05336690
0.05217700
0.05207610
0.05161420
0.05165170
0.05165450
0.05190660
0.05198210
0.05289080
0.05246070
0.05244680
0.05219110
0.05286250
0.05230580
0.05238700
0.05233940
0.05195550
0.05234460
0.05175610
0.05203080
0.05465780
0.05333300
0.05232290
0.05274720
0.05225770
0.05207600
0.05209210
0.05182130
0.05213930
0.05176650
0.05157240
0.05239870
0.05228090
0.05434980
0.05317110
0.05240360
0.05217040
0.05363030
0.05349920
0.05223670
0.05246180
0.05207920
0.05242940
0.05202930
0.05218720
0.05191640
0.05220540
0.05186400
0.05238000
0.05208400
0.05270180
0.05195860
0.05216310
0.05212570
0.05203810
0.05117700
0.05321640
0.05364640
0.05224050
0.05198650
0.05149300
0.05124690
0.05206260
0.05276040
0.05221280
0.05234550
0.05257520
0.05223920
0.05214880
0.05245320
0.05347910
0.05336480
0.05516330
0.05240550
0.05225430
0.05204230
0.05215990
0.04938000
0.05207330
0.05246930
0.05239310
0.05215130
0.05218450
0.05200240
0.04950710
0.05080300
0.04824890
0.05239530
0.04722570
0.04923830
0.00000000
0.00000000
0.00000000
0.00000000
0.01467060
0.05500770
0.05482030
0.05606910
0.05619640
0.05520400
0.05533690
0.05480890
0.05494300
0.05527720
0.05585170
0.05566010
0.05564590
0.05524150
0.05497510
0.05463930
0.05662520
0.05610510
0.05521180
0.05487420
0.05493060
0.05586520
0.05464640
0.05528420
0.05063140
0.05490710
0.05494280
0.05513710
0.05550840
0.05546770
0.05498360
0.05467050
0.05543380
0.05524080
0.05542240
0.05523480
0.05492830
0.05640090
0.05611030
0.05584520
0.05536720
0.05484940
0.05583460
0.05561590
0.05564520
0.05510820
0.05486760
0.05497300
0.05522670
0.05395690
0.05656220
0.05594550
0.05597470
0.05514760
0.05249430
0.05407750
0.05442810
0.05491860
0.05481530
0.05504680
0.05520930
0.05514700
0.05510830
0.05491710
0.06057180
0.05894560
0.05752770
0.05780610
0.05695790
0.05724940
0.05656310
0.05944500
0.05779130
0.05563740
0.05605770
0.05604880
0.05648040
0.05511510
0.05513680
0.05474360
0.06073580
0.06037350
0.06059550
0.06543360
0.06383960
0.05771420
0.05515270
0.05447440
0.05471900
0.05463220
0.05543540
0.05509880
0.05478010
0.05441110
0.05500530
0.05463340
0.05472330
0.05474630
0.05508400
0.05514000
0.05473400
0.05505590
0.05478670
0.05507580
0.05467370
0.05465920
0.05516400
0.05454230
0.05542080
0.05492750
0.05475760
0.05503930
0.05462140
0.05081800
0.05535780
0.05616550
0.05625380
0.05513120
0.05477910
0.05446170
0.05485520
0.05516190
0.05533350
0.05453780
0.05469950
0.05554490
0.05317790
0.05016340
0.05465710
0.05501990
0.05626360
0.05582120
0.05496790
0.05520510
0.05502490
0.05284860
0.05562470
0.05518400
0.05469470
0.05456140
0.05452570
0.05515220
0.05581110
0.05524890
0.05458570
0.05513030
0.05463290
0.05498910
0.05468110
0.05589840
0.05649670
0.05461060
