1
438.71,108.04,49.00,71.00
439.86,108.29,49.00,71.00
439.88,108.31,49.00,71.00
439.22,107.40,49.00,71.00
439.84,107.72,49.00,71.00
439.27,108.45,49.00,71.00
440.13,109.27,49.00,71.00
439.50,109.77,49.00,71.00
440.82,109.80,49.00,71.00
440.91,110.90,49.00,71.00
441.08,110.14,49.00,71.00
438.83,112.74,49.00,71.00
438.79,113.58,49.00,71.00
439.27,117.17,49.00,71.00
441.84,119.19,49.00,71.00
441.75,119.15,49.00,71.00
440.88,118.33,49.00,71.00
441.89,121.63,49.00,71.00
439.70,119.15,49.00,71.00
442.16,120.05,49.00,71.00
441.32,117.37,49.00,71.00
445.11,123.32,49.00,71.00
448.08,123.78,49.00,71.00
449.10,132.92,49.00,71.00
447.24,134.69,49.00,71.00
444.88,137.75,49.00,71.00
444.26,141.87,49.00,71.00
448.23,139.63,49.00,71.00
449.28,137.01,49.00,71.00
453.06,141.67,49.00,71.00
454.51,146.42,49.00,71.00
447.15,147.60,49.00,71.00
449.17,148.87,49.00,71.00
445.80,151.93,49.00,71.00
447.61,150.77,49.00,71.00
447.18,149.87,49.00,71.00
446.90,144.08,49.00,71.00
441.74,140.72,49.00,71.00
441.95,137.96,49.00,71.00
442.99,139.44,49.00,71.00
442.04,135.59,49.00,71.00
447.08,142.25,49.00,71.00
446.67,139.25,49.00,71.00
446.69,129.88,49.00,71.00
445.45,132.27,49.00,71.00
441.84,132.15,49.00,71.00
441.49,130.77,49.00,71.00
442.03,126.47,49.00,71.00
442.65,124.84,49.00,71.00
442.70,128.89,49.00,71.00
439.65,133.80,49.00,71.00
439.54,132.10,49.00,71.00
437.86,131.95,49.00,71.00
435.30,129.15,49.00,71.00
430.39,126.63,49.00,71.00
425.92,128.21,49.00,71.00
424.00,128.48,49.00,71.00
422.77,130.31,49.00,71.00
420.52,134.58,49.00,71.00
421.39,133.71,49.00,71.00
417.72,133.23,49.00,71.00
422.62,133.49,49.00,71.00
423.75,133.03,49.00,71.00
422.59,131.38,49.00,71.00
425.70,131.51,49.00,71.00
432.63,131.32,49.00,71.00
436.69,134.78,49.00,71.00
439.40,137.49,49.00,71.00
439.02,141.33,49.00,71.00
439.69,141.95,49.00,71.00
436.65,140.93,49.00,71.00
439.43,134.90,49.00,71.00
443.61,134.70,49.00,71.00
442.27,128.85,49.00,71.00
434.20,138.97,49.00,71.00
429.66,140.84,49.00,71.00
424.85,145.00,49.00,71.00
421.76,150.73,49.00,71.00
420.31,147.81,49.00,71.00
419.50,151.34,49.00,71.00
420.22,152.76,49.00,71.00
420.36,151.77,49.00,71.00
416.83,151.54,49.00,71.00
420.36,153.68,49.00,71.00
419.46,154.48,49.00,71.00
424.06,155.13,49.00,71.00
425.42,152.95,49.00,71.00
425.81,150.80,49.00,71.00
421.79,147.17,49.00,71.00
420.60,145.33,49.00,71.00
419.81,144.32,49.00,71.00
421.06,144.48,49.00,71.00
420.14,151.73,49.00,71.00
420.88,153.85,49.00,71.00
422.64,154.81,49.00,71.00
425.00,151.14,49.00,71.00
424.64,153.08,49.00,71.00
427.81,152.72,49.00,71.00
426.91,151.56,49.00,71.00
425.71,153.36,49.00,71.00
429.71,153.55,49.00,71.00
430.60,157.65,49.00,71.00
432.49,151.59,49.00,71.00
434.94,151.65,49.00,71.00
434.32,149.56,49.00,71.00
431.22,145.78,49.00,71.00
429.06,141.31,49.00,71.00
430.87,139.41,49.00,71.00
432.21,132.87,49.00,71.00
430.75,127.15,49.00,71.00
427.16,125.99,49.00,71.00
428.12,123.40,49.00,71.00
430.17,120.74,49.00,71.00
432.01,122.18,49.00,71.00
429.35,125.00,49.00,71.00
427.59,125.17,49.00,71.00
424.70,128.20,49.00,71.00
423.33,127.14,49.00,71.00
420.20,129.12,49.00,71.00
420.71,127.59,49.00,71.00
425.46,128.56,49.00,71.00
431.08,127.46,49.00,71.00
434.77,126.91,49.00,71.00
434.74,124.71,49.00,71.00
435.00,124.74,49.00,71.00
433.79,128.92,49.00,71.00
430.59,129.53,49.00,71.00
433.49,130.99,49.00,71.00
436.74,133.66,49.00,71.00
437.22,133.86,49.00,71.00
437.03,132.60,49.00,71.00
439.71,129.23,49.00,71.00
440.10,127.23,49.00,71.00
441.13,132.27,49.00,71.00
442.48,133.00,49.00,71.00
445.88,133.49,49.00,71.00
448.60,137.02,49.00,71.00
450.01,138.78,49.00,71.00
450.97,138.00,49.00,71.00
449.80,141.00,49.00,71.00
449.87,144.08,49.00,71.00
452.57,149.14,49.00,71.00
455.61,149.45,49.00,71.00
458.00,152.89,49.00,71.00
459.45,156.32,49.00,71.00
460.95,157.34,49.00,71.00
464.07,158.25,49.00,71.00
464.69,154.81,49.00,71.00
464.09,156.00,49.00,71.00
461.47,156.79,49.00,71.00
460.45,153.74,49.00,71.00
459.92,148.88,49.00,71.00
461.12,143.34,49.00,71.00
458.75,144.15,49.00,71.00
457.60,141.36,49.00,71.00
453.54,145.58,49.00,71.00
454.70,145.66,49.00,71.00
460.29,141.46,49.00,71.00
457.21,140.95,49.00,71.00
460.17,141.69,49.00,71.00
454.05,147.40,49.00,71.00
449.75,144.88,49.00,71.00
447.40,147.31,49.00,71.00
441.04,143.36,49.00,71.00
434.82,143.70,49.00,71.00
429.03,141.76,49.00,71.00
433.51,141.00,49.00,71.00
432.73,135.83,49.00,71.00
431.56,135.29,49.00,71.00
424.40,135.63,49.00,71.00
420.89,138.02,49.00,71.00
420.51,135.11,49.00,71.00
422.19,138.90,49.00,71.00
426.23,142.99,49.00,71.00
428.49,142.76,49.00,71.00
431.77,136.92,49.00,71.00
430.31,138.50,49.00,71.00
426.03,137.37,49.00,71.00
428.88,135.60,49.00,71.00
426.48,136.58,49.00,71.00
425.76,150.77,49.00,71.00
427.65,151.97,49.00,71.00
432.87,153.54,49.00,71.00
438.35,158.58,49.00,71.00
438.37,163.43,49.00,71.00
441.81,163.20,49.00,71.00
450.87,162.17,49.00,71.00
443.93,164.22,49.00,71.00
450.39,162.21,49.00,71.00
456.32,169.81,49.00,71.00
464.50,174.97,49.00,71.00
467.61,178.16,49.00,71.00
471.27,177.75,49.00,71.00
473.01,181.55,49.00,71.00
471.16,176.95,49.00,71.00
475.51,179.84,49.00,71.00
472.55,177.67,49.00,71.00
474.64,177.98,49.00,71.00
477.02,175.99,49.00,71.00
475.45,177.38,49.00,71.00
471.12,180.52,49.00,71.00
465.81,181.81,49.00,71.00
464.88,185.33,49.00,71.00
464.01,185.57,49.00,71.00
463.00,184.97,49.00,71.00
457.36,180.18,49.00,71.00
459.89,170.27,49.00,71.00
471.44,176.90,49.00,71.00
466.17,177.81,49.00,71.00
470.87,183.32,49.00,71.00
470.45,180.69,49.00,71.00
465.15,192.62,49.00,71.00
450.59,193.60,49.00,71.00
2
0
0
0
0
1
462.31,116.11,65.00,83.00
461.82,116.47,65.00,83.00
462.02,117.09,65.00,83.00
463.08,116.88,65.00,83.00
460.82,117.23,65.00,83.00
461.18,116.43,65.00,83.00
461.31,117.31,65.00,83.00
458.59,120.30,65.00,83.00
461.20,119.53,65.00,83.00
464.89,118.85,65.00,83.00
468.19,120.52,65.00,83.00
467.74,119.50,65.00,83.00
469.03,122.17,65.00,83.00
465.73,121.96,65.00,83.00
469.10,121.67,65.00,83.00
470.42,121.18,65.00,83.00
474.23,121.32,65.00,83.00
471.96,125.60,65.00,83.00
469.74,123.38,65.00,83.00
472.12,120.51,65.00,83.00
469.65,120.62,65.00,83.00
469.90,120.13,65.00,83.00
473.77,117.33,65.00,83.00
469.50,119.69,65.00,83.00
467.78,124.37,65.00,83.00
468.89,127.40,65.00,83.00
468.70,127.69,65.00,83.00
470.38,134.04,65.00,83.00
470.31,134.66,65.00,83.00
464.57,133.80,65.00,83.00
461.16,133.76,65.00,83.00
461.98,137.87,65.00,83.00
462.87,142.32,65.00,83.00
464.18,145.69,65.00,83.00
460.03,148.16,65.00,83.00
455.08,146.07,65.00,83.00
448.67,144.36,65.00,83.00
443.18,141.39,65.00,83.00
444.65,141.43,65.00,83.00
441.35,148.70,65.00,83.00
439.62,150.07,65.00,83.00
441.95,152.13,65.00,83.00
446.93,151.42,65.00,83.00
448.08,152.20,65.00,83.00
455.09,149.12,65.00,83.00
460.81,148.61,65.00,83.00
465.35,151.62,65.00,83.00
466.06,147.18,65.00,83.00
466.59,142.11,65.00,83.00
469.48,139.37,65.00,83.00
476.35,145.26,65.00,83.00
471.68,140.40,65.00,83.00
472.33,140.31,65.00,83.00
460.15,136.89,65.00,83.00
460.17,137.18,65.00,83.00
444.94,136.48,65.00,83.00
452.77,138.34,65.00,83.00
453.19,135.07,65.00,83.00
446.56,129.60,65.00,83.00
448.15,124.75,65.00,83.00
449.14,123.48,65.00,83.00
458.27,120.84,65.00,83.00
457.46,124.12,65.00,83.00
454.06,122.93,65.00,83.00
457.84,126.60,65.00,83.00
461.88,126.17,65.00,83.00
464.97,128.49,65.00,83.00
464.08,134.06,65.00,83.00
466.26,135.79,65.00,83.00
467.19,139.01,65.00,83.00
468.07,138.32,65.00,83.00
468.15,139.59,65.00,83.00
470.09,138.98,65.00,83.00
473.24,141.72,65.00,83.00
469.95,140.58,65.00,83.00
468.62,144.99,65.00,83.00
467.50,142.94,65.00,83.00
464.17,145.20,65.00,83.00
459.42,145.29,65.00,83.00
451.99,142.59,65.00,83.00
452.20,146.23,65.00,83.00
446.04,142.40,65.00,83.00
440.99,139.69,65.00,83.00
436.22,137.74,65.00,83.00
437.46,140.22,65.00,83.00
435.69,140.42,65.00,83.00
427.01,144.86,65.00,83.00
423.70,143.85,65.00,83.00
425.00,146.28,65.00,83.00
428.00,143.57,65.00,83.00
429.91,136.48,65.00,83.00
435.24,133.68,65.00,83.00
435.10,128.63,65.00,83.00
425.68,133.13,65.00,83.00
426.99,137.82,65.00,83.00
426.07,139.82,65.00,83.00
425.27,139.62,65.00,83.00
427.70,142.10,65.00,83.00
422.46,140.18,65.00,83.00
417.88,140.79,65.00,83.00
421.12,144.56,65.00,83.00
420.94,146.34,65.00,83.00
421.11,141.03,65.00,83.00
421.98,136.55,65.00,83.00
433.54,133.23,65.00,83.00
441.82,131.31,65.00,83.00
453.36,130.50,65.00,83.00
451.78,131.56,65.00,83.00
445.09,131.81,65.00,83.00
445.12,129.02,65.00,83.00
445.51,117.82,65.00,83.00
438.28,110.11,65.00,83.00
434.20,103.16,65.00,83.00
433.86,101.05,65.00,83.00
427.34,99.15,65.00,83.00
436.17,106.17,65.00,83.00
435.85,117.45,65.00,83.00
435.02,118.42,65.00,83.00
429.17,119.87,65.00,83.00
432.02,117.25,65.00,83.00
434.55,121.73,65.00,83.00
437.82,125.35,65.00,83.00
442.06,119.13,65.00,83.00
447.02,122.91,65.00,83.00
456.02,121.97,65.00,83.00
458.29,125.46,65.00,83.00
447.85,124.82,65.00,83.00
438.86,122.68,65.00,83.00
436.51,127.79,65.00,83.00
445.08,127.44,65.00,83.00
456.83,135.48,65.00,83.00
464.54,134.84,65.00,83.00
458.72,138.11,65.00,83.00
466.53,139.10,65.00,83.00
459.12,135.77,65.00,83.00
453.71,139.87,65.00,83.00
457.56,139.13,65.00,83.00
458.60,146.42,65.00,83.00
456.85,145.26,65.00,83.00
456.35,154.02,65.00,83.00
458.31,154.83,65.00,83.00
457.02,163.36,65.00,83.00
455.49,160.40,65.00,83.00
455.65,153.33,65.00,83.00
458.35,162.31,65.00,83.00
463.96,162.46,65.00,83.00
449.70,165.05,65.00,83.00
446.75,160.60,65.00,83.00
444.54,157.87,65.00,83.00
445.26,154.71,65.00,83.00
444.88,153.01,65.00,83.00
