0.01522260
0.04980760
0.04841540
0.04818990
0.04789570
0.04769220
0.04767490
0.04774240
0.04778000
0.00000000
0.00000000
0.00000000
0.00000000
0.01385450
0.04727610
0.04733340
0.04739330
0.04712430
0.04700510
0.04757580
0.04692680
0.00000000
0.00000000
0.00000000
0.00000000
0.01403170
0.04765790
0.04758340
0.04798890
0.04723430
0.04757050
0.04811810
0.04723490
0.00000000
0.00000000
0.00000000
0.00000000
0.01394820
0.04941240
0.04943890
0.04919310
0.04832590
0.04765030
0.04778980
0.04751550
0.04774410
0.04788610
0.04872630
0.04910780
0.00000000
0.00000000
0.00000000
0.00000000
0.01348480
0.04755460
0.05075020
0.04823440
0.04920020
0.04823240
0.04749350
0.04727700
0.04790940
0.00000000
0.00000000
0.00000000
0.00000000
0.01406430
0.04878780
0.04774540
0.04766260
0.04725320
0.04786600
0.04723210
0.04725700
0.04707230
0.04735090
0.04751220
0.04745890
0.04731120
0.04764140
0.04716080
0.04727970
0.00000000
0.00000000
0.00000000
0.00000000
0.01377800
0.04901440
0.04955140
0.04974010
0.04820910
0.04905760
0.04841230
0.04838140
0.04834070
0.04902330
0.04951140
0.04884050
0.00000000
0.00000000
0.00000000
0.00000000
0.01352170
0.04832020
0.04794460
0.04755630
0.04900050
0.00000000
0.00000000
0.00000000
0.00000000
0.01391790
0.04837070
0.04879500
0.04815030
0.04821790
0.04603670
0.04569310
0.04778020
0.04720210
0.04632930
0.04756950
0.04754790
0.04797390
0.04468940
0.04906000
0.04820860
0.04842650
0.04504840
0.04380350
0.04704370
0.04778720
0.04668550
0.00000000
0.00000000
0.00000000
0.00000000
0.01455310
0.04795650
0.04815520
0.04789880
0.04789620
0.04860090
0.04780640
0.04764410
0.04817390
0.04994260
0.04821110
0.04759500
0.04792300
0.04908720
0.04762730
0.04938920
0.00000000
0.00000000
0.00000000
0.00000000
0.01402880
0.04912120
0.04920120
0.04798350
0.04823290
0.04852320
0.04856420
0.04871050
0.04812270
0.04820030
0.04832500
0.04877360
0.04918350
0.04874720
0.04850520
