1
76.80,93.53,37.00,51.00
76.93,92.89,37.00,51.00
78.16,93.42,37.00,51.00
78.99,94.46,37.00,51.00
81.77,97.14,37.00,51.00
85.10,98.96,37.00,51.00
83.91,100.65,37.00,51.00
2
0
0
0
0
1
155.41,97.98,31.00,46.00
156.21,98.08,31.00,46.00
156.92,98.51,31.00,46.00
158.04,99.33,31.00,46.00
159.11,100.72,31.00,46.00
160.09,101.52,31.00,46.00
2
0
0
0
0
1
197.18,93.73,32.00,49.00
196.41,93.82,32.00,49.00
196.17,94.06,32.00,49.00
193.99,94.43,32.00,49.00
191.93,95.53,32.00,49.00
188.73,95.69,32.00,49.00
2
0
0
0
0
1
110.49,96.51,35.00,52.00
109.91,97.40,35.00,52.00
108.58,97.96,35.00,52.00
106.32,98.59,35.00,52.00
104.97,100.31,35.00,52.00
105.58,100.56,35.00,52.00
106.76,102.44,35.00,52.00
109.70,102.73,35.00,52.00
110.89,103.14,35.00,52.00
116.52,104.41,35.00,52.00
2
0
0
0
0
1
198.89,100.75,35.00,52.00
198.89,99.93,35.00,52.00
198.06,98.86,35.00,52.00
196.80,97.08,35.00,52.00
194.54,96.81,35.00,52.00
191.62,96.84,35.00,52.00
190.46,98.40,35.00,52.00
2
0
0
0
0
1
97.47,107.62,33.00,49.00
97.35,108.08,33.00,49.00
97.28,108.79,33.00,49.00
96.46,108.55,33.00,49.00
96.51,110.13,33.00,49.00
95.44,111.26,33.00,49.00
96.53,109.84,33.00,49.00
97.70,108.57,33.00,49.00
97.24,109.03,33.00,49.00
97.37,107.99,33.00,49.00
92.79,109.13,33.00,49.00
93.57,108.81,33.00,49.00
93.70,103.02,33.00,49.00
92.31,101.62,33.00,49.00
2
0
0
0
0
1
199.43,104.40,40.00,56.00
200.60,105.22,40.00,56.00
201.27,106.52,40.00,56.00
204.29,107.79,40.00,56.00
204.95,109.90,40.00,56.00
206.34,114.53,40.00,56.00
205.04,117.37,40.00,56.00
203.72,120.30,40.00,56.00
202.61,124.28,40.00,56.00
204.26,126.46,40.00,56.00
2
0
0
0
0
1
84.36,111.72,35.00,52.00
84.33,111.91,35.00,52.00
85.18,112.97,35.00,52.00
2
0
0
0
0
1
10.98,101.84,37.00,57.00
10.10,102.48,37.00,57.00
9.52,102.91,37.00,57.00
7.33,105.24,37.00,57.00
7.82,105.62,37.00,57.00
9.27,110.66,37.00,57.00
11.60,111.93,37.00,57.00
11.92,117.19,37.00,57.00
15.20,121.37,37.00,57.00
17.24,125.42,37.00,57.00
20.28,126.50,37.00,57.00
22.33,136.89,37.00,57.00
23.77,141.70,37.00,57.00
32.10,142.97,37.00,57.00
34.83,149.68,37.00,57.00
43.32,150.97,37.00,57.00
48.41,145.30,37.00,57.00
59.03,150.45,37.00,57.00
69.91,154.99,37.00,57.00
80.31,160.59,37.00,57.00
2
0
0
0
0
1
91.27,101.59,35.00,53.00
90.07,102.75,35.00,53.00
89.48,102.37,35.00,53.00
88.61,103.54,35.00,53.00
87.07,101.61,35.00,53.00
83.21,101.07,35.00,53.00
81.89,101.69,35.00,53.00
78.41,101.06,35.00,53.00
78.90,100.92,35.00,53.00
76.78,101.79,35.00,53.00
79.02,99.97,35.00,53.00
78.39,100.53,35.00,53.00
78.38,101.78,35.00,53.00
81.74,103.66,35.00,53.00
2
0
0
0
0
1
128.86,100.53,40.00,51.00
128.16,100.88,40.00,51.00
126.17,100.65,40.00,51.00
124.60,101.59,40.00,51.00
119.82,104.01,40.00,51.00
118.35,105.21,40.00,51.00
114.39,104.52,40.00,51.00
116.82,105.33,40.00,51.00
117.11,104.55,40.00,51.00
116.56,107.64,40.00,51.00
117.58,112.02,40.00,51.00
116.18,107.31,40.00,51.00
119.54,107.41,40.00,51.00
2
