0.01515230
0.04915530
0.04850680
0.04688620
0.04681460
0.04726460
0.04684200
0.04700060
0.04694370
0.04841930
0.04792800
0.04673200
0.04637010
0.04724450
0.04647480
0.04652870
0.04675180
0.04661120
0.04663150
0.04687810
0.04582480
0.04699050
0.04648250
0.04709370
0.04711580
0.04658590
0.04660270
0.04558110
0.04647230
0.04604260
0.04650900
0.04680590
0.00000000
0.00000000
0.00000000
0.00000000
0.01605110
0.04748620
0.04721120
0.04760650
0.04771940
0.04788170
0.05171560
0.04827200
0.04829370
0.04876280
0.04744590
0.04750920
0.04750000
0.04742360
0.04735580
0.04721780
0.04868280
0.04835050
0.04756280
0.04692700
0.04726820
0.04688720
0.04237050
0.00000000
0.00000000
0.00000000
0.00000000
0.01477190
0.04952940
0.04947440
0.04884770
0.04885330
0.04854220
0.04863070
0.04853240
0.04897040
0.04899610
0.00000000
0.00000000
0.00000000
0.00000000
0.01489560
0.05010120
0.04982480
0.05035270
0.04974220
0.04961390
0.04984760
0.04963590
0.04951440
0.04972730
0.05025550
0.04960710
0.05017720
0.04659970
0.04943660
0.04910450
0.04737140
0.04824090
0.04944170
0.04922780
0.04935040
0.04953990
0.00000000
0.00000000
0.00000000
0.00000000
0.01445690
0.05175070
0.05010550
0.04973830
0.04932760
0.04921290
0.04946540
0.04961570
0.04932140
0.04898460
0.04920620
0.04904810
0.04589490
0.04949120
0.04937300
0.00000000
0.00000000
0.00000000
0.00000000
0.01461600
0.04969220
0.04895020
0.04937420
0.04909450
0.04891260
0.04892890
0.04932520
0.04885820
0.04877370
0.04877070
0.04885550
0.04883480
0.04913760
0.04529280
0.04794300
0.00000000
0.00000000
0.00000000
0.00000000
0.01471900
0.04920280
0.04925530
0.04839770
0.04914320
0.04853190
0.00000000
0.00000000
0.00000000
0.00000000
0.01475970
0.04848610
0.04873970
0.04853760
0.04993530
0.04875080
0.04822250
0.04862140
0.04837600
0.04797770
0.04900070
0.04796680
0.04836460
0.04818860
0.04701170
0.00000000
0.00000000
0.00000000
0.00000000
0.01465200
0.04737610
0.04703290
0.04716220
0.04755960
0.04711140
0.04692930
0.04729990
0.04731820
0.04739330
0.04791960
0.04735990
0.04749470
0.04734810
0.04698670
0.04776310
0.04686010
0.04731140
0.04870430
0.04827510
0.04678800
0.04716060
0.04722150
0.04573550
0.04664870
0.04571740
0.04496860
0.04706530
0.04799170
0.04885970
0.04740940
0.00000000
0.00000000
0.00000000
0.00000000
0.01512710
0.04727690
0.04669490
0.04657420
0.04672010
0.04635910
0.04617900
0.04605230
0.04624380
0.04603380
0.04654210
0.04679210
0.04661230
0.04649470
0.04640050
0.04605600
0.04619680
0.04688100
0.04607720
0.00000000
0.00000000
0.00000000
0.00000000
0.01467430
0.04660250
0.04602910
0.04654370
0.04590700
0.04658590
0.04596520
0.04593480
0.04600770
0.04723800
0.04702830
0.04676070
0.04604580
0.04609720
0.04611080
0.00000000
0.00000000
0.00000000
0.00000000
0.01465190
0.04576750
0.04594750
0.04582650
0.04581570
0.04731740
0.04721340
0.04702660
0.04648010
0.04581940
0.04600300
0.04580670
0.04600290
0.04588330
0.04585870
0.04606190
0.04604970
0.00000000
0.00000000
0.00000000
0.00000000
0.01535420
0.04576050
