1
153.29,93.48,18.00,48.00
152.88,93.25,18.00,48.00
153.29,92.98,18.00,48.00
152.79,93.56,18.00,48.00
152.77,93.09,18.00,48.00
154.11,94.30,18.00,48.00
151.81,94.01,18.00,48.00
148.77,95.89,18.00,48.00
147.86,97.54,18.00,48.00
148.00,99.02,18.00,48.00
148.65,99.18,18.00,48.00
148.37,98.02,18.00,48.00
140.07,99.57,18.00,48.00
137.03,98.21,18.00,48.00
135.13,95.49,18.00,48.00
138.03,92.10,18.00,48.00
138.37,86.26,18.00,48.00
135.72,86.17,18.00,48.00
125.66,84.91,18.00,48.00
121.83,84.62,18.00,48.00
123.02,82.37,18.00,48.00
124.63,79.45,18.00,48.00
116.20,81.00,18.00,48.00
120.77,77.78,18.00,48.00
118.26,84.27,18.00,48.00
121.04,77.31,18.00,48.00
124.71,73.91,18.00,48.00
124.86,77.13,18.00,48.00
128.27,70.77,18.00,48.00
127.08,70.89,18.00,48.00
2
0
0
0
0
1
147.64,75.07,22.00,54.00
147.26,75.83,22.00,54.00
147.77,76.80,22.00,54.00
148.01,76.06,22.00,54.00
148.94,76.35,22.00,54.00
148.07,77.87,22.00,54.00
149.54,77.23,22.00,54.00
148.46,77.32,22.00,54.00
148.73,80.60,22.00,54.00
151.86,80.66,22.00,54.00
152.04,84.41,22.00,54.00
150.73,87.12,22.00,54.00
154.57,85.15,22.00,54.00
154.58,88.02,22.00,54.00
156.38,84.53,22.00,54.00
156.06,82.78,22.00,54.00
160.21,81.58,22.00,54.00
161.95,79.76,22.00,54.00
163.49,73.17,22.00,54.00
166.70,72.80,22.00,54.00
166.12,67.69,22.00,54.00
2
0
0
0
0
1
124.64,66.36,26.00,73.00
124.31,66.25,26.00,73.00
125.32,65.53,26.00,73.00
126.90,63.79,26.00,73.00
127.01,65.70,26.00,73.00
129.54,65.96,26.00,73.00
130.21,68.22,26.00,73.00
135.65,63.49,26.00,73.00
2
0
0
0
0
1
173.65,66.34,31.00,79.00
174.09,66.83,31.00,79.00
173.99,67.76,31.00,79.00
173.97,67.29,31.00,79.00
172.85,67.23,31.00,79.00
173.08,68.91,31.00,79.00
172.38,68.80,31.00,79.00
170.35,68.51,31.00,79.00
171.05,66.64,31.00,79.00
166.36,65.09,31.00,79.00
169.22,73.94,31.00,79.00
173.46,78.18,31.00,79.00
175.77,72.08,31.00,79.00
176.98,65.14,31.00,79.00
173.57,60.77,31.00,79.00
172.67,63.13,31.00,79.00
168.68,66.99,31.00,79.00
172.46,65.22,31.00,79.00
162.43,66.07,31.00,79.00
166.52,61.28,31.00,79.00
2
0
0
0
0
1
175.96,56.31,31.00,82.00
176.61,57.38,31.00,82.00
176.05,57.16,31.00,82.00
175.61,58.53,31.00,82.00
175.19,59.34,31.00,82.00
175.76,58.65,31.00,82.00
175.25,56.06,31.00,82.00
174.40,58.88,31.00,82.00
175.50,57.87,31.00,82.00
176.21,53.40,31.00,82.00
187.54,51.07,31.00,82.00
184.04,51.38,31.00,82.00
185.49,41.67,31.00,82.00
2
0
0
0
0
1
144.43,69.01,28.00,74.00
144.43,68.62,28.00,74.00
144.48,69.00,28.00,74.00
145.89,68.65,28.00,74.00
146.92,69.99,28.00,74.00
151.02,66.42,28.00,74.00
156.26,62.06,28.00,74.00
158.30,60.28,28.00,74.00
160.18,59.76,28.00,74.00
168.29,55.13,28.00,74.00
175.32,50.99,28.00,74.00
170.24,57.60,28.00,74.00
169.85,59.16,28.00,74.00
170.55,58.69,28.00,74.00
2
0
0
0
0
1
179.13,71.33,26.00,64.00
178.57,71.81,26.00,64.00
176.55,72.08,26.00,64.00
176.32,71.27,26.00,64.00
2
0
0
0
0
1
150.01,80.14,23.00,62.00
150.11,79.92,23.00,62.00
149.79,79.40,23.00,62.00
149.78,76.96,23.00,62.00
150.78,75.91,23.00,62.00
154.07,76.20,23.00,62.00
156.38,74.55,23.00,62.00
153.69,76.38,23.00,62.00
152.45,77.47,23.00,62.00
151.34,73.77,23.00,62.00
153.52,71.43,23.00,62.00
148.69,68.59,23.00,62.00
146.31,63.42,23.00,62.00
2
0
0
0
0
1
131.98,73.76,20.00,54.00
131.04,75.73,20.00,54.00
130.01,76.87,20.00,54.00
131.48,78.47,20.00,54.00
130.76,80.56,20.00,54.00
130.04,84.25,20.00,54.00
131.30,83.91,20.00,54.00
133.14,83.05,20.00,54.00
132.23,83.26,20.00,54.00
132.30,81.51,20.00,54.00
130.58,83.04,20.00,54.00
131.08,81.67,20.00,54.00
126.30,77.23,20.00,54.00
128.42,73.55,20.00,54.00
126.08,73.57,20.00,54.00
124.65,71.82,20.00,54.00
129.49,75.02,20.00,54.00
134.23,70.97,20.00,54.00
131.31,72.23,20.00,54.00
130.78,74.78,20.00,54.00
132.46,73.32,20.00,54.00
134.16,72.55,20.00,54.00
135.17,72.39,20.00,54.00
131.24,70.42,20.00,54.00
138.78,67.07,20.00,54.00
140.49,67.32,20.00,54.00
138.74,65.58,20.00,54.00
139.45,67.81,20.00,54.00
135.99,66.90,20.00,54.00
2
0
0
0
0
1
140.74,88.97,16.00,44.00
141.06,88.86,16.00,44.00
141.11,88.70,16.00,44.00
142.30,88.97,16.00,44.00
141.53,88.63,16.00,44.00
140.46,89.58,16.00,44.00
139.81,89.90,16.00,44.00
139.89,91.84,16.00,44.00
138.90,92.08,16.00,44.00
139.37,93.46,16.00,44.00
137.69,93.91,16.00,44.00
140.60,95.98,16.00,44.00
139.91,95.17,16.00,44.00
138.56,90.15,16.00,44.00
140.17,89.00,16.00,44.00
138.81,87.90,16.00,44.00
132.66,85.85,16.00,44.00
2
0
0
0
0
1
154.12,89.30,15.00,34.00
154.31,89.63,15.00,34.00
155.20,89.86,15.00,34.00
156.45,90.91,15.00,34.00
156.66,89.94,15.00,34.00
157.61,89.87,15.00,34.00
156.11,89.97,15.00,34.00
153.67,89.95,15.00,34.00
153.72,90.09,15.00,34.00
155.80,88.52,15.00,34.00
156.95,88.78,15.00,34.00
158.46,89.63,15.00,34.00
153.08,93.54,15.00,34.00
2
0
0
0
0
1
178.90,86.70,14.00,35.00
178.87,86.33,14.00,35.00
178.79,85.79,14.00,35.00
178.97,86.10,14.00,35.00
179.36,85.68,14.00,35.00
179.68,85.43,14.00,35.00
179.32,85.73,14.00,35.00
179.63,84.47,14.00,35.00
181.25,85.42,14.00,35.00
183.08,83.15,14.00,35.00
183.44,84.81,14.00,35.00
181.22,84.78,14.00,35.00
180.26,85.59,14.00,35.00
182.81,87.57,14.00,35.00
184.70,89.13,14.00,35.00
2
0
0
0
0
1
174.07,99.21,13.00,32.00
