1
168.45,79.23,49.00,50.00
167.40,79.79,49.00,50.00
167.74,80.47,49.00,50.00
168.72,81.70,49.00,50.00
168.80,80.37,49.00,50.00
167.09,80.01,49.00,50.00
165.68,79.56,49.00,50.00
165.77,79.32,49.00,50.00
167.71,76.47,49.00,50.00
166.75,72.94,49.00,50.00
167.89,69.60,49.00,50.00
168.16,66.06,49.00,50.00
172.00,64.73,49.00,50.00
173.64,57.23,49.00,50.00
169.87,59.05,49.00,50.00
162.26,61.30,49.00,50.00
166.01,62.10,49.00,50.00
167.25,60.19,49.00,50.00
175.25,59.38,49.00,50.00
2
0
0
0
0
1
103.85,62.68,50.00,51.00
104.13,63.17,50.00,51.00
103.89,63.07,50.00,51.00
105.12,61.65,50.00,51.00
107.35,61.65,50.00,51.00
110.13,61.16,50.00,51.00
115.51,60.30,50.00,51.00
119.98,60.03,50.00,51.00
2
0
0
0
0
1
84.28,79.43,39.00,48.00
84.89,78.68,39.00,48.00
84.82,79.77,39.00,48.00
86.11,81.20,39.00,48.00
86.11,83.39,39.00,48.00
84.22,84.40,39.00,48.00
88.58,85.89,39.00,48.00
93.05,84.93,39.00,48.00
93.18,84.03,39.00,48.00
101.82,83.28,39.00,48.00
107.65,79.89,39.00,48.00
109.01,78.27,39.00,48.00
102.35,75.89,39.00,48.00
103.92,71.33,39.00,48.00
117.13,72.25,39.00,48.00
128.20,78.13,39.00,48.00
126.31,88.85,39.00,48.00
117.89,92.39,39.00,48.00
114.33,91.79,39.00,48.00
108.81,93.49,39.00,48.00
112.11,90.59,39.00,48.00
2
0
0
0
0
1
175.32,105.32,52.00,52.00
176.68,106.06,52.00,52.00
176.19,106.59,52.00,52.00
175.98,106.17,52.00,52.00
176.07,107.67,52.00,52.00
176.07,108.48,52.00,52.00
178.80,104.68,52.00,52.00
177.53,107.10,52.00,52.00
177.87,111.22,52.00,52.00
176.30,108.05,52.00,52.00
173.99,107.66,52.00,52.00
165.74,105.70,52.00,52.00
166.43,104.65,52.00,52.00
169.04,111.10,52.00,52.00
169.60,109.33,52.00,52.00
168.37,107.14,52.00,52.00
169.17,107.84,52.00,52.00
164.79,102.07,52.00,52.00
163.13,100.24,52.00,52.00
157.89,100.16,52.00,52.00
160.18,99.22,52.00,52.00
2
0
0
0
0
1
174.28,142.80,54.00,54.00
174.70,143.12,54.00,54.00
176.02,142.31,54.00,54.00
177.83,140.62,54.00,54.00
180.03,141.90,54.00,54.00
177.64,143.25,54.00,54.00
176.97,141.07,54.00,54.00
176.25,141.26,54.00,54.00
177.34,139.82,54.00,54.00
182.23,142.55,54.00,54.00
180.77,143.42,54.00,54.00
185.05,139.10,54.00,54.00
194.42,135.15,54.00,54.00
199.22,131.85,54.00,54.00
205.25,128.52,54.00,54.00
212.37,126.24,54.00,54.00
203.02,124.35,54.00,54.00
191.76,122.31,54.00,54.00
181.38,120.03,54.00,54.00
179.70,122.91,54.00,54.00
179.30,124.81,54.00,54.00
168.55,137.67,54.00,54.00
168.86,138.15,54.00,54.00
172.56,137.85,54.00,54.00
160.88,139.63,54.00,54.00
158.98,135.45,54.00,54.00
163.58,140.02,54.00,54.00
155.72,136.91,54.00,54.00
162.95,138.93,54.00,54.00
152.34,137.74,54.00,54.00
2
0
0
0
0
1
186.92,89.27,39.00,47.00
188.15,89.09,39.00,47.00
190.74,88.64,39.00,47.00
190.44,88.19,39.00,47.00
191.20,88.21,39.00,47.00
191.43,87.39,39.00,47.00
193.56,86.52,39.00,47.00
190.61,81.89,39.00,47.00
192.98,84.18,39.00,47.00
194.19,82.84,39.00,47.00
193.12,82.30,39.00,47.00
194.93,82.01,39.00,47.00
193.38,77.46,39.00,47.00
192.89,81.90,39.00,47.00
185.40,83.56,39.00,47.00
2
0
0
0
0
1
194.62,32.67,27.00,51.00
194.01,33.03,27.00,51.00
193.53,32.48,27.00,51.00
190.16,31.87,27.00,51.00
189.90,30.77,27.00,51.00
187.47,30.57,27.00,51.00
183.33,30.17,27.00,51.00
183.78,29.91,27.00,51.00
183.03,29.80,27.00,51.00
183.68,33.57,27.00,51.00
182.49,36.62,27.00,51.00
183.43,34.78,27.00,51.00
185.34,35.98,27.00,51.00
186.91,35.75,27.00,51.00
185.13,36.25,27.00,51.00
189.49,38.84,27.00,51.00
194.59,38.54,27.00,51.00
186.31,42.89,27.00,51.00
180.44,48.98,27.00,51.00
183.26,56.27,27.00,51.00
188.60,58.56,27.00,51.00
186.92,60.54,27.00,51.00
186.33,65.15,27.00,51.00
182.87,67.67,27.00,51.00
180.04,78.53,27.00,51.00
186.31,80.88,27.00,51.00
172.98,89.55,27.00,51.00
179.78,93.42,27.00,51.00
2
0
0
0
0
1
97.79,73.14,47.00,50.00
96.76,73.65,47.00,50.00
97.91,74.63,47.00,50.00
97.45,75.17,47.00,50.00
100.49,76.44,47.00,50.00
100.54,77.54,47.00,50.00
2
0
0
0
0
1
35.58,82.61,45.00,50.00
35.94,83.38,45.00,50.00
36.51,83.01,45.00,50.00
37.56,81.64,45.00,50.00
35.68,78.74,45.00,50.00
32.96,79.95,45.00,50.00
28.69,74.72,45.00,50.00
35.39,73.50,45.00,50.00
37.89,74.60,45.00,50.00
42.87,77.56,45.00,50.00
2
0
0
0
0
1
82.14,145.48,46.00,46.00
82.06,146.49,46.00,46.00
83.25,147.61,46.00,46.00
83.94,148.29,46.00,46.00
84.47,148.30,46.00,46.00
84.99,149.49,46.00,46.00
86.67,149.34,46.00,46.00
89.47,151.63,46.00,46.00
94.48,150.87,46.00,46.00
97.93,150.02,46.00,46.00
98.72,154.17,46.00,46.00
101.07,150.62,46.00,46.00
104.07,157.93,46.00,46.00
103.29,164.53,46.00,46.00
102.73,164.25,46.00,46.00
107.32,165.24,46.00,46.00
2
0
0
0
0
1
171.22,166.04,46.00,43.00
170.80,165.41,46.00,43.00
170.52,163.36,46.00,43.00
170.96,164.03,46.00,43.00
169.33,168.01,46.00,43.00
169.43,170.97,46.00,43.00
169.15,166.70,46.00,43.00
167.52,165.88,46.00,43.00
161.96,165.91,46.00,43.00
158.47,165.14,46.00,43.00
158.28,163.11,46.00,43.00
154.15,167.14,46.00,43.00
158.29,172.63,46.00,43.00
2
0
0
0
0
1
177.44,113.23,47.00,46.00
177.06,112.51,47.00,46.00
176.38,112.12,47.00,46.00
175.61,111.89,47.00,46.00
175.65,112.28,47.00,46.00
173.97,112.86,47.00,46.00
174.04,113.07,47.00,46.00
182.87,120.10,47.00,46.00
186.08,127.56,47.00,46.00
180.07,127.22,47.00,46.00
