0.02199430
0.05278780
0.05002650
0.04933810
0.04897840
0.04945970
0.04923730
0.04884810
0.04905010
0.04911430
0.04997420
0.05049230
0.04934450
0.04915510
0.04872280
0.04997370
0.04732270
0.05037720
0.04949460
0.04938830
0.04953230
0.00000000
0.00000000
0.00000000
0.00000000
0.01422920
0.04990160
0.04995460
0.04950830
0.04970860
0.04941260
0.04983560
0.04973040
0.04998390
0.05006910
0.00000000
0.00000000
0.00000000
0.00000000
0.01457250
0.04923930
0.04953370
0.04870230
0.04821170
0.04799760
0.04785790
0.04796870
0.04775450
0.04809070
0.04779000
0.04832370
0.04788740
0.04846780
0.04705310
0.04465600
0.04622150
0.04751480
0.04916490
0.04901090
0.04792510
0.04540320
0.04797220
0.00000000
0.00000000
0.00000000
0.00000000
0.01439750
0.05160710
0.05118630
0.05022360
0.04972180
0.04999840
0.05049500
0.04973010
0.04983230
0.04950290
0.04977210
0.04962660
0.04955930
0.04974210
0.04974220
0.04952080
0.04953570
0.04975460
0.04759840
0.04661950
0.04824470
0.04922790
0.04948580
0.00000000
0.00000000
0.00000000
0.00000000
0.01415430
0.05048100
0.05018870
0.05051900
0.05050690
0.05005930
0.04972630
0.04964590
0.04951010
0.04943180
0.04838850
0.05042820
0.05072980
0.04970350
0.04915160
0.04999700
0.04894000
0.05067150
0.04930530
0.04738410
0.04811640
0.04913930
0.04816260
0.04769870
0.04993420
0.04878240
0.04871780
0.04991930
0.04702620
0.04571540
0.04590770
0.05006250
0.00000000
0.00000000
0.00000000
0.00000000
0.01401770
0.04842560
0.04826740
0.04792350
0.04814010
0.04779230
0.04826960
0.04797680
0.04832220
0.05086620
0.04796640
0.04646120
0.04753670
0.04634440
0.04694630
0.04803230
0.04788620
0.00000000
0.00000000
0.00000000
0.00000000
0.01530410
0.04940190
0.04920030
0.04742900
0.04726800
0.04669160
0.04756180
0.04994320
0.04772020
0.04653270
0.04231060
0.04730220
0.04676390
0.04722180
0.04662350
0.04748590
0.04733900
0.04529470
0.04538540
0.04861010
0.04683590
0.04764960
0.04752490
0.04714070
0.04717520
0.04689610
0.04551890
0.04677560
0.04556140
0.04403720
0.00000000
0.00000000
0.00000000
0.00000000
0.01392310
0.04926760
0.04908520
0.04874430
0.04867950
0.04913250
0.04901930
0.04947680
0.00000000
0.00000000
0.00000000
0.00000000
0.01481480
0.04955730
0.05136030
0.04994470
0.05014060
0.04989730
0.04959010
0.04996140
0.04950590
0.04861170
0.04596580
0.04386160
0.00000000
0.00000000
0.00000000
0.00000000
0.01398970
0.04890300
0.04848530
0.04836390
0.04879280
0.04838010
0.04840640
0.04825660
0.04812120
0.04886950
0.04771950
0.04696280
0.04597590
0.04802960
0.04822820
0.04828010
0.04773560
0.04350060
0.00000000
0.00000000
0.00000000
0.00000000
0.01398190
0.04860560
0.04778320
0.04767450
0.04801920
0.04789910
0.04821030
0.04862740
0.04889850
0.04680070
0.04563790
0.04588590
0.04791410
0.04825590
0.04734840
0.00000000
0.00000000
0.00000000
0.00000000
0.01408160
0.04902800
0.04933700
0.04884990
0.04865480
0.04888420
0.04839220
0.04866070
0.04857940
0.04835740
0.04786280
