0.01537880
0.06482940
0.06414800
0.06714390
0.06257610
0.06667720
0.06343070
0.06204560
0.06093500
0.05973230
0.05972810
0.06159550
0.06205500
0.05889650
0.06105230
0.06163850
0.06484460
0.06441940
0.06228990
0.05596400
0.06142420
0.05937450
0.06137690
0.06038510
0.06023870
0.05948660
0.06003330
0.06172220
0.05636440
0.05893520
0.06062380
0.05388630
0.06059920
0.05805810
0.05959410
0.06268330
0.06236740
0.06426520
0.06474710
0.05899450
0.05989860
0.05825730
0.05697110
0.05928580
0.06135160
0.05565390
0.05921580
0.05868350
0.06007830
0.06186500
0.07440530
0.05999470
0.05902150
0.06063270
0.06728490
0.06023720
0.06039950
0.05948700
0.06147410
0.06029480
0.05769650
0.06062090
0.06016240
0.06035140
0.05894370
0.06005870
0.05813510
0.06210200
0.06119750
0.06555320
0.05724410
0.05918790
0.06052950
0.06109480
0.05960020
0.05922030
0.05778800
0.06053050
0.05727130
0.06204980
0.05569730
0.05720210
0.05657750
0.06016380
0.06027090
0.05956210
0.06197500
0.06151870
0.06107780
0.06135840
0.06204210
0.05973400
0.06073410
0.06055610
0.05947900
0.06073610
0.06010320
0.05422680
0.05637680
0.05755750
0.05905420
0.05583080
0.05826440
0.06332410
0.06215730
0.05504830
0.00000000
0.00000000
0.00000000
0.00000000
0.01492910
0.05437670
0.05482850
0.05481170
0.05475170
0.05845400
0.05476960
0.05479640
0.05762240
0.07055050
0.05660290
0.05530820
0.05422560
0.05451920
0.05464160
0.05472860
0.05450870
0.05498900
0.05525680
0.05528240
0.05388840
0.05266160
0.05578330
0.05474090
0.05409840
0.05385100
0.05122600
0.05253160
0.05374150
0.05377250
0.05356920
0.05852720
0.06165810
0.06567750
0.05824040
0.00000000
0.00000000
0.00000000
0.00000000
0.01446390
0.05393560
0.05371680
0.05470120
0.05475190
0.05742110
0.06965790
0.06816980
0.06303190
0.05922430
0.06905660
0.05718880
0.06720480
0.05752720
0.07109430
0.05529520
0.05498560
0.05302560
0.04890720
0.05322660
0.05362680
0.05037090
0.05231210
0.05351020
0.05347330
0.05165380
0.05324430
0.05721540
0.05416130
0.05301860
0.05400280
0.05786080
0.05637120
0.05400460
0.05482360
0.05396670
0.05760730
0.05411080
0.05094650
0.05320570
0.05269140
0.00000000
0.00000000
0.00000000
0.00000000
0.01450550
0.05511850
0.05571780
0.05511980
0.05626590
0.05663430
0.05721080
0.05483070
0.05547960
0.05452470
0.05629480
0.05584870
0.05557450
0.05517230
0.05520530
0.05297020
0.05456830
0.05497350
0.05377710
0.05407400
0.05527650
0.05533040
0.05504910
0.05502630
0.05538650
0.05453510
0.05528170
0.05477150
0.05613790
0.05564170
0.05503830
0.05457330
0.05444120
0.05430750
0.05547610
0.05623610
0.05602210
0.05517690
0.05480920
0.05470590
0.05667600
0.05441510
0.05422700
0.04744210
0.05371910
0.05094060
0.05279340
0.05139570
0.05008920
0.05399770
0.05488520
0.05502760
0.05054240
0.05482360
0.05461830
0.05429830
0.05423980
0.05899810
0.05430550
0.05366890
0.05323160
0.05126580
0.05466010
0.05286390
0.05438070
0.05329230
0.05253170
0.05551740
0.05593050
0.05395990
0.05206630
0.05538300
0.05392500
0.05480610
0.05437890
0.05483500
0.05220970
0.05284420
0.05093760
0.05374080
0.05306750
0.05270340
0.05271350
0.05524580
0.05596420
0.05461480
0.05427650
0.05313060
0.05465310
0.05228570
0.05139100
0.04938680
0.05172900
0.04544350
0.04771380
0.05385500
0.05291160
0.05613320
0.05543410
0.05071500
0.05482800
0.05050020
0.05283100
0.05234690
0.05494280
0.05251670
0.04988810
0.05351890
0.05358920
0.05415900
0.05364250
0.05478390
0.05397510
0.05433740
0.05481470
0.05193930
0.05518140
0.05489000
0.05365800
0.05538850
0.05483260
0.05474200
0.05479820
0.05579850
0.05471800
0.05528100
0.05665460
0.05464590
0.05551590
0.05429050
0.05490890
0.05530320
0.05496190
0.05696760
0.05607570
0.05374060
0.05489550
0.05461600
0.05490680
0.05490400
0.05501870
0.05472360
0.06443640
0.05533730
0.05451720
0.05445940
0.05621460
0.05520260
0.05528900
0.05717620
0.05491390
0.05500200
0.05418460
0.05466020
0.05463410
0.05535110
0.05499750
0.05641590
0.05528310
0.05489350
0.05276540
0.05435480
0.05507260
0.05404790
0.05491350
0.05222500
0.05526200
0.05376870
0.05485600
0.05432520
0.05505740
0.05296510
0.05439340
0.05458190
0.05499510
0.05445010
0.05478100
0.05460220
0.05531420
0.05479880
0.05694650
0.05447130
0.05541570
0.05394180
0.05600760
0.05619970
0.05610940
0.05530330
0.05481650
0.05698480
0.05635900
0.05475510
0.05412520
0.05437600
0.05311860
0.05540220
0.05516070
0.05485050
0.05512600
0.05457720
0.05485030
0.05529250
0.05503470
0.05471290
0.05502510
0.05464170
0.05510130
0.05632810
0.05545180
0.05358950
0.05532470
0.05212740
0.05409170
0.05259240
0.05608020
0.05556550
0.05570030
0.05508660
0.05500760
0.05539030
0.05548620
0.05509590
0.05487910
0.05491580
0.05507570
0.05495680
0.05555510
0.05467070
0.05481220
0.05488790
0.05475410
0.05509030
0.05489630
0.05471390
0.05502350
0.05446530
0.05667720
0.05445970
0.05514470
0.05507380
0.05420060
0.05486410
0.05513630
0.05548570
0.05713440
0.05644360
0.05619820
0.05307290
0.05527630
0.05455570
0.05504420
0.05462570
0.05503520
0.05504700
0.05528890
0.05473680
0.05447040
0.05469710
0.05555610
0.05475050
0.05524180
0.05494370
0.05470270
0.05432940
0.05581570
0.05632560
0.05589160
0.05432150
0.05460340
0.05437760
0.05502650
0.05534850
0.05933800
0.05440400
0.05364470
0.05504660
0.05645150
0.05585480
0.05508650
0.05432130
0.05502340
0.05494870
0.05479090
0.05487600
0.05435480
0.05454490
0.05480800
0.05484830
0.05486630
0.05548220
0.05505020
0.05488340
0.05534510
0.05477580
0.05529880
0.05520580
0.05493560
0.05494470
0.05698150
0.05594600
0.05501960
0.05541680
0.05570830
0.05522170
0.05552870
0.05493050
0.05510080
0.05498240
0.05541100
0.05601250
0.05569610
0.05639430
0.05755610
0.05480950
0.05560720
0.05454800
0.05558120
0.05468040
0.05545580
0.05517000
0.05500430
0.05436300
0.05563690
0.05567720
0.05384220
0.05533820
0.05527040
0.05690570
0.05606920
0.05494770
0.05494340
0.05549000
0.05621520
0.05611330
0.05525250
0.05505250
0.05466600
0.05721820
0.05592510
0.05664870
0.05615260
0.05492540
0.05471410
0.05459540
0.05524580
0.05428860
0.05470980
0.05242190
0.05544360
0.05522560
0.05470450
0.05281240
0.05669580
0.05470130
0.05481940
0.05487190
0.05501390
0.05481300
0.05398760
0.05456290
0.05556240
0.05577620
0.05471110
0.05632750
0.05474970
0.05789390
0.05467420
0.05480770
0.05468090
0.05493470
0.05506020
0.05306450
0.05409080
0.05573770
0.05607780
0.05566430
0.05408710
0.05494070
0.05506040
0.00000000
0.00000000
0.00000000
0.00000000
0.01438190
0.07296650
0.07232360
0.07285280
0.07308960
0.07358870
0.07261890
0.07289750
0.07199010
0.07218550
0.07039610
0.07253010
0.07023810
0.07395600
0.06871740
0.06959910
0.07378440
0.07366200
0.07209500
0.06846310
0.06820530
0.06374940
0.06950810
0.07398270
0.07269450
0.06997550
0.06022860
0.06709950
0.06312890
0.06302230
0.06908290
0.07254520
0.06500850
0.07123180
0.07111840
0.07273230
0.06361050
0.07150300
0.07156160
0.07150850
0.07096560
0.07137850
0.07176110
0.06624570
0.06689940
0.00000000
0.00000000
0.00000000
0.00000000
0.01543210
0.07343600
0.07496400
0.07439040
0.07502980
0.07367660
0.07460490
0.07368560
0.07290940
0.07296470
0.07213180
0.07058650
0.06439010
0.06997840
0.06510810
0.07131190
0.06808860
0.06965650
0.07015030
0.06601280
0.07125450
0.06434780
0.06073130
0.06770640
0.07095820
0.06836330
0.06860730
0.06519290
0.07071240
0.07174550
0.07457420
0.07390900
0.07319500
0.07237850
0.07267890
0.07106330
0.07181240
0.06922600
0.06379430
0.06666470
0.06868820
0.06677070
0.07094480
0.07326310
0.07158060
0.07068630
0.07170810
0.07263000
0.07166700
0.06417260
0.06866800
0.06811030
0.06279980
0.06424200
0.07087360
0.07253980
0.07178610
0.07176590
0.07449490
0.07241940
0.07415960
0.06947100
0.06590490
0.06641680
0.06820810
0.07231640
0.06941920
0.06229060
0.07088640
0.07178770
0.07411580
0.07249220
0.07325050
0.07177230
0.06984230
0.07343240
0.07240440
0.07145990
0.07266210
0.07248770
0.07350760
0.07112040
0.06942440
0.06946220
0.07193020
0.07185080
0.07291510
0.06510180
0.06517350
0.07049540
0.06881350
0.06726730
0.06979330
0.07227610
0.07260750
0.07207830
0.07185490
0.07001930
0.07128090
0.07391170
0.07297300
0.07256820
0.07485530
0.07423750
0.07348710
0.07155310
0.07166290
0.07016080
0.07188990
0.07428380
0.07479400
0.07248860
0.07244920
0.07199300
0.07099860
0.07097170
0.06799880
0.07171360
0.07232830
0.06820300
0.07239470
0.07211790
0.07347040
0.07308310
0.06842790
0.00000000
0.00000000
0.00000000
0.00000000
0.01471620
0.07058370
0.07276180
0.07147290
0.07023040
0.07129780
0.07050870
0.07044710
0.07149490
0.07071870
0.07070810
0.07078450
0.06925390
0.06960890
0.07159410
0.06494200
0.06803830
0.06879710
0.06893720
0.06752660
0.06469230
0.06700450
0.06956060
0.07087130
0.07093590
0.07063020
0.06864860
0.06615830
0.06751800
0.06449080
0.06897450
0.07266630
0.07248270
0.06952890
0.06786470
0.06824300
0.06945830
0.06978730
0.06789380
0.06876080
0.06498650
0.07164460
0.07361530
0.07180840
0.07119550
0.07100180
0.07090300
0.07156680
0.06755120
0.06660180
0.06498010
0.07065250
0.07154250
0.07052490
0.06789490
0.07226490
0.07149820
0.07191940
0.07265830
0.07070110
0.07214280
0.07237530
0.07191950
0.07185390
0.06877800
0.07042250
0.07165080
0.07139810
0.06895670
0.06958770
0.07099250
0.07085920
0.06944590
0.06083010
0.07053730
0.06710550
0.06613780
0.07078360
0.06936420
0.06736650
0.07145280
0.07102210
0.07019060
0.06971870
0.07238150
0.07302520
0.06868840
0.06832210
0.07112950
0.07070010
0.06701500
0.06866640
0.07102610
0.07042520
0.07129760
0.07010790
0.07162440
0.06202520
0.06956800
0.07105020
0.06257480
0.06557220
0.07127120
0.06984950
0.06974250
0.07030440
0.06645980
0.07103620
0.07122910
0.07524950
0.07194440
0.07430230
0.07210870
0.07058200
0.06987200
0.06935060
0.07235070
0.06922300
0.07169350
0.06972300
0.07264160
0.00000000
0.00000000
0.00000000
0.00000000
0.01461140
0.07675650
0.07636570
0.07674970
0.06981430
0.07569390
0.07564640
0.07215110
0.07277540
0.07152020
0.07410540
0.07386900
0.06839670
0.07155000
0.07038800
0.07331490
0.07670050
0.07655870
0.07588110
0.07175280
0.07191060
0.06906640
0.06668260
0.06996110
0.07281170
0.07491430
0.07116850
0.06994700
0.06929390
0.07247500
0.07141920
0.06788200
0.07408090
0.06802160
0.06445480
0.06822000
0.07515910
0.07304450
0.07046010
0.07196570
0.07009230
0.07454470
0.06793330
0.06856070
0.06994170
0.07354000
0.07462980
0.07597690
0.00000000
0.00000000
0.00000000
0.00000000
0.01548380
0.07459620
0.07576430
0.07333750
0.07220590
0.07466520
0.06619920
0.06447890
0.07186530
0.06107720
0.06923620
0.07273050
0.07400050
0.07088140
0.07263820
0.07189510
0.07400840
0.07239310
0.06999160
0.07301750
0.07609590
0.06940510
0.07022140
0.07365560
0.06552520
0.07313040
0.07040060
0.07372320
0.06896060
0.06662960
0.06997910
0.06895280
0.07436470
0.06937830
0.06674850
0.07144310
0.06708050
0.06901610
0.07511300
0.07503330
0.07318030
0.07358550
0.06888320
0.06760860
0.07389240
0.07372110
0.00000000
0.00000000
0.00000000
0.00000000
0.01456020
0.07292710
0.07350780
0.07160220
0.07266560
0.07381170
0.07295920
0.06803410
0.06806840
0.07390400
0.07099060
0.07363710
0.06810800
0.07116400
0.06223260
0.06778750
0.06745490
0.06109280
0.05795310
0.06004860
0.06236080
0.06887530
0.06710320
0.06667810
0.06852980
0.06873910
0.06810040
0.05932930
0.06282280
0.07296580
0.06867100
0.07264550
0.06619350
0.07088380
0.06903390
0.07186710
0.07059530
0.07324530
0.07182630
0.07150060
0.07190210
0.07008290
0.07186370
0.07408150
0.07175830
0.06710430
0.06577490
0.07112440
0.06986870
0.07008750
0.06707170
0.07473330
0.07390100
0.07182310
0.07208740
0.07138240
0.05997190
0.06736450
0.06917820
0.06006050
0.07185340
0.00000000
0.00000000
0.00000000
0.00000000
0.01469650
0.08527520
0.08354490
0.08762160
0.08299610
0.08256660
0.08127170
0.07743090
0.08008980
0.07559450
0.08519280
0.07915200
0.07348230
0.07236650
0.07518710
0.06891850
0.07521060
0.07417230
0.07506700
0.07352270
0.08085770
0.08177600
0.08278030
0.08106600
0.08069710
0.08277250
0.08829240
0.07981280
0.07664610
0.06654660
0.07158820
0.08171570
0.07999050
0.07992540
0.08270450
0.08076580
0.08083540
0.07590760
0.08329150
0.08056050
0.08566500
0.08029500
0.07683920
0.07765440
0.08306420
0.08376730
0.08324560
0.07784020
0.08099310
0.07116440
0.08025220
0.07551700
0.08079610
0.08327500
0.07459490
0.07461030
0.08097280
0.07629840
0.07654270
0.08238870
0.08121300
0.08035890
0.07683230
0.07980840
0.07931250
0.08325060
0.07911670
0.08255310
0.07626720
0.08333390
0.07795050
0.07853530
0.07514140
0.07924740
0.07673220
0.08209230
0.08371950
0.08116730
0.07933630
0.08303280
0.07911030
0.07753590
0.08006560
0.08278060
0.07789640
0.08412680
0.08338520
0.08250500
0.08051100
0.08180920
0.07969990
0.08459330
0.08129880
0.07861350
0.08202240
0.07628330
0.07500560
0.00000000
0.00000000
0.00000000
0.00000000
0.01551860
0.09536230
0.09271180
0.08890830
0.08658150
0.08473900
0.08081440
0.09149660
0.09001000
0.08129140
0.08487990
0.08382820
0.08924100
0.08243500
0.08825010
0.08926490
0.08344990
0.08935550
0.08709170
0.08679470
0.09038150
0.09023570
0.08617660
0.09435610
0.08852100
0.08216440
0.08535740
0.08541490
0.08516300
0.08565100
0.08433800
0.08445170
0.08523300
0.09044440
0.08821390
0.07704730
0.06489680
0.07356000
0.07838430
0.08522900
0.09107100
0.00000000
0.00000000
0.00000000
0.00000000
0.01506640
0.08135610
0.08238460
0.08300560
0.08164310
0.08216970
0.08144750
0.08030700
0.07828780
0.07357540
0.07483060
0.07384470
0.07461070
0.07825140
0.07911280
0.07707390
0.07559080
