1
385.52,144.01,105.00,91.00
385.57,144.06,105.00,91.00
384.80,144.64,105.00,91.00
385.39,146.35,105.00,91.00
383.07,147.62,105.00,91.00
382.90,146.62,105.00,91.00
381.66,140.55,105.00,91.00
380.09,141.68,105.00,91.00
368.01,133.88,105.00,91.00
359.86,128.73,105.00,91.00
356.59,130.00,105.00,91.00
357.65,132.15,105.00,91.00
342.95,123.00,105.00,91.00
332.66,120.45,105.00,91.00
323.97,103.94,105.00,91.00
323.20,94.87,105.00,91.00
321.11,95.28,105.00,91.00
314.25,102.52,105.00,91.00
311.96,105.81,105.00,91.00
324.30,106.56,105.00,91.00
325.21,101.25,105.00,91.00
320.58,92.52,105.00,91.00
320.99,86.24,105.00,91.00
302.81,73.81,105.00,91.00
298.08,64.97,105.00,91.00
296.20,61.15,105.00,91.00
289.62,52.61,105.00,91.00
295.49,50.80,105.00,91.00
297.49,53.29,105.00,91.00
296.25,48.59,105.00,91.00
308.72,47.07,105.00,91.00
293.19,38.50,105.00,91.00
286.49,50.72,105.00,91.00
282.20,42.92,105.00,91.00
279.17,58.42,105.00,91.00
270.78,39.90,105.00,91.00
267.58,36.97,105.00,91.00
275.41,33.05,105.00,91.00
256.86,34.32,105.00,91.00
256.76,33.43,105.00,91.00
254.67,32.48,105.00,91.00
246.06,35.10,105.00,91.00
248.91,37.58,105.00,91.00
248.80,35.17,105.00,91.00
261.37,35.83,105.00,91.00
272.53,43.05,105.00,91.00
281.68,45.16,105.00,91.00
274.32,44.37,105.00,91.00
268.62,45.48,105.00,91.00
258.50,50.62,105.00,91.00
255.43,51.40,105.00,91.00
266.99,47.13,105.00,91.00
265.91,47.89,105.00,91.00
264.49,45.01,105.00,91.00
260.37,45.34,105.00,91.00
263.90,45.73,105.00,91.00
261.99,42.79,105.00,91.00
262.19,45.15,105.00,91.00
256.72,54.64,105.00,91.00
253.44,53.51,105.00,91.00
252.99,59.11,105.00,91.00
257.05,61.86,105.00,91.00
254.28,56.44,105.00,91.00
256.91,54.61,105.00,91.00
255.34,44.69,105.00,91.00
252.68,43.51,105.00,91.00
261.96,33.86,105.00,91.00
264.60,35.11,105.00,91.00
272.71,32.58,105.00,91.00
278.68,39.51,105.00,91.00
292.40,36.87,105.00,91.00
288.70,34.50,105.00,91.00
283.51,34.47,105.00,91.00
284.83,41.88,105.00,91.00
284.97,38.98,105.00,91.00
276.51,42.59,105.00,91.00
278.66,41.16,105.00,91.00
278.13,40.96,105.00,91.00
293.10,43.44,105.00,91.00
281.42,46.62,105.00,91.00
286.72,50.20,105.00,91.00
274.73,45.60,105.00,91.00
259.87,40.94,105.00,91.00
260.60,46.73,105.00,91.00
253.61,53.44,105.00,91.00
239.43,47.07,105.00,91.00
243.22,52.26,105.00,91.00
242.78,51.86,105.00,91.00
243.39,50.60,105.00,91.00
245.06,53.74,105.00,91.00
241.19,59.64,105.00,91.00
254.68,64.15,105.00,91.00
243.00,63.52,105.00,91.00
243.54,61.66,105.00,91.00
218.43,44.26,105.00,91.00
223.70,45.13,105.00,91.00
242.96,58.70,105.00,91.00
233.06,55.67,105.00,91.00
219.25,60.43,105.00,91.00
234.91,58.98,105.00,91.00
216.76,63.32,105.00,91.00
204.32,50.16,105.00,91.00
181.04,32.79,105.00,91.00
170.57,30.65,105.00,91.00
2
0
0
0
0
1
263.37,81.71,108.00,51.00
263.79,81.32,108.00,51.00
265.06,81.94,108.00,51.00
265.59,83.58,108.00,51.00
267.29,84.89,108.00,51.00
267.60,85.88,108.00,51.00
269.00,83.20,108.00,51.00
267.68,81.83,108.00,51.00
264.51,78.06,108.00,51.00
264.06,75.63,108.00,51.00
262.27,72.75,108.00,51.00
258.13,75.58,108.00,51.00
254.74,79.15,108.00,51.00
248.23,81.60,108.00,51.00
249.28,90.49,108.00,51.00
251.17,93.77,108.00,51.00
252.06,87.72,108.00,51.00
252.11,83.71,108.00,51.00
252.56,80.11,108.00,51.00
258.91,78.86,108.00,51.00
264.92,82.68,108.00,51.00
268.94,83.82,108.00,51.00
268.39,78.28,108.00,51.00
270.68,83.20,108.00,51.00
264.19,72.84,108.00,51.00
252.11,65.00,108.00,51.00
242.18,61.05,108.00,51.00
238.51,61.87,108.00,51.00
228.94,71.43,108.00,51.00
219.79,75.14,108.00,51.00
201.60,67.44,108.00,51.00
206.87,55.56,108.00,51.00
212.79,39.01,108.00,51.00
2
0
0
0
0
1
297.82,91.49,90.00,55.00
296.75,91.38,90.00,55.00
296.58,91.06,90.00,55.00
295.74,90.70,90.00,55.00
290.75,89.83,90.00,55.00
291.87,90.64,90.00,55.00
288.04,86.93,90.00,55.00
283.87,82.62,90.00,55.00
285.78,81.84,90.00,55.00
285.34,79.98,90.00,55.00
282.08,80.36,90.00,55.00
286.50,82.64,90.00,55.00
283.14,81.55,90.00,55.00
292.04,81.44,90.00,55.00
294.66,76.01,90.00,55.00
297.38,78.12,90.00,55.00
295.04,72.32,90.00,55.00
298.81,79.48,90.00,55.00
301.87,80.97,90.00,55.00
309.18,82.36,90.00,55.00
301.00,80.82,90.00,55.00
305.75,82.91,90.00,55.00
310.63,80.96,90.00,55.00
314.40,85.55,90.00,55.00
304.91,85.81,90.00,55.00
296.58,91.00,90.00,55.00
294.08,98.68,90.00,55.00
290.25,98.28,90.00,55.00
278.84,104.33,90.00,55.00
272.79,97.87,90.00,55.00
265.77,94.99,90.00,55.00
264.93,101.56,90.00,55.00
261.70,107.90,90.00,55.00
268.20,102.93,90.00,55.00
266.29,103.03,90.00,55.00
256.31,105.39,90.00,55.00
264.75,105.28,90.00,55.00
239.97,97.48,90.00,55.00
238.46,96.44,90.00,55.00
2
0
0
0
0
1
329.02,105.84,79.00,76.00
328.78,105.24,79.00,76.00
329.76,103.27,79.00,76.00
331.08,104.22,79.00,76.00
326.30,102.17,79.00,76.00
327.63,99.03,79.00,76.00
326.40,95.77,79.00,76.00
326.11,97.43,79.00,76.00
325.28,92.31,79.00,76.00
327.97,96.78,79.00,76.00
327.96,100.85,79.00,76.00
328.67,104.53,79.00,76.00
323.42,106.23,79.00,76.00
319.92,101.14,79.00,76.00
324.42,113.24,79.00,76.00
320.63,110.57,79.00,76.00
322.08,107.93,79.00,76.00
324.59,108.32,79.00,76.00
322.90,110.98,79.00,76.00
319.53,105.73,79.00,76.00
317.00,109.08,79.00,76.00
313.27,111.91,79.00,76.00
308.80,107.74,79.00,76.00
299.22,105.64,79.00,76.00
290.85,110.69,79.00,76.00
283.89,110.82,79.00,76.00
284.59,113.33,79.00,76.00
280.85,112.52,79.00,76.00
280.20,108.71,79.00,76.00
288.27,116.90,79.00,76.00
285.20,115.05,79.00,76.00
283.87,114.67,79.00,76.00
282.98,115.17,79.00,76.00
282.41,128.73,79.00,76.00
285.95,125.44,79.00,76.00
280.90,130.27,79.00,76.00
287.38,130.11,79.00,76.00
294.94,132.87,79.00,76.00
290.43,138.82,79.00,76.00
301.13,129.63,79.00,76.00
288.44,139.69,79.00,76.00
281.55,141.75,79.00,76.00
251.79,157.84,79.00,76.00
247.14,164.78,79.00,76.00
241.14,153.09,79.00,76.00
248.19,152.22,79.00,76.00
252.70,157.85,79.00,76.00
251.09,163.65,79.00,76.00
238.75,173.42,79.00,76.00
234.54,189.11,79.00,76.00
231.75,196.77,79.00,76.00
224.27,191.42,79.00,76.00
227.01,198.95,79.00,76.00
229.56,201.15,79.00,76.00
219.72,203.20,79.00,76.00
225.60,203.70,79.00,76.00
238.32,204.70,79.00,76.00
245.26,198.68,79.00,76.00
238.82,211.14,79.00,76.00
239.32,213.36,79.00,76.00
245.44,205.47,79.00,76.00
243.86,204.17,79.00,76.00
242.86,205.53,79.00,76.00
247.73,205.81,79.00,76.00
248.56,207.42,79.00,76.00
249.85,206.33,79.00,76.00
249.16,199.97,79.00,76.00
246.26,202.51,79.00,76.00
243.33,202.38,79.00,76.00
239.66,192.72,79.00,76.00
240.29,193.19,79.00,76.00
241.11,187.22,79.00,76.00
244.34,187.74,79.00,76.00
242.58,189.00,79.00,76.00
241.02,189.37,79.00,76.00
229.73,191.18,79.00,76.00
231.62,194.20,79.00,76.00
232.25,186.58,79.00,76.00
235.10,188.42,79.00,76.00
236.26,187.44,79.00,76.00
238.36,190.07,79.00,76.00
236.91,193.22,79.00,76.00
221.28,194.47,79.00,76.00
207.03,204.38,79.00,76.00
187.82,210.14,79.00,76.00
190.91,204.67,79.00,76.00
181.52,211.79,79.00,76.00
176.33,214.43,79.00,76.00
167.82,211.93,79.00,76.00
182.87,201.07,79.00,76.00
179.26,195.94,79.00,76.00
188.84,191.83,79.00,76.00
199.55,167.61,79.00,76.00
205.55,158.53,79.00,76.00
206.53,141.47,79.00,76.00
204.12,136.32,79.00,76.00
196.97,114.88,79.00,76.00
194.08,106.87,79.00,76.00
203.83,115.03,79.00,76.00
214.28,108.22,79.00,76.00
198.38,124.74,79.00,76.00
196.58,125.13,79.00,76.00
188.49,129.57,79.00,76.00
190.20,138.21,79.00,76.00
191.57,149.38,79.00,76.00
190.81,121.94,79.00,76.00
184.77,130.27,79.00,76.00
177.75,119.78,79.00,76.00
173.66,114.66,79.00,76.00
181.07,109.09,79.00,76.00
179.77,110.30,79.00,76.00
184.01,104.20,79.00,76.00
197.70,110.26,79.00,76.00
202.23,118.51,79.00,76.00
183.91,108.39,79.00,76.00
195.81,113.94,79.00,76.00
212.66,111.21,79.00,76.00
207.45,101.82,79.00,76.00
205.17,112.34,79.00,76.00
206.61,113.70,79.00,76.00
206.34,117.11,79.00,76.00
197.14,114.43,79.00,76.00
193.34,119.32,79.00,76.00
199.54,121.50,79.00,76.00
201.02,118.36,79.00,76.00
209.43,117.35,79.00,76.00
200.10,121.79,79.00,76.00
195.06,126.95,79.00,76.00
206.04,130.08,79.00,76.00
208.05,127.69,79.00,76.00
201.56,127.83,79.00,76.00
204.06,125.37,79.00,76.00
200.86,122.61,79.00,76.00
194.67,113.29,79.00,76.00
193.04,117.54,79.00,76.00
191.53,107.71,79.00,76.00
194.39,108.77,79.00,76.00
185.61,111.56,79.00,76.00
180.54,104.33,79.00,76.00
176.67,102.01,79.00,76.00
176.35,97.21,79.00,76.00
184.11,93.54,79.00,76.00
185.60,93.36,79.00,76.00
191.17,94.08,79.00,76.00
195.46,100.50,79.00,76.00
191.98,104.89,79.00,76.00
181.80,108.29,79.00,76.00
195.73,110.81,79.00,76.00
202.95,115.63,79.00,76.00
201.08,123.53,79.00,76.00
204.18,132.06,79.00,76.00
201.61,139.84,79.00,76.00
198.79,140.65,79.00,76.00
192.14,142.42,79.00,76.00
194.38,149.39,79.00,76.00
211.02,152.28,79.00,76.00
214.60,157.13,79.00,76.00
210.69,157.41,79.00,76.00
205.76,163.33,79.00,76.00
189.83,156.57,79.00,76.00
178.91,154.86,79.00,76.00
173.56,150.16,79.00,76.00
164.55,141.47,79.00,76.00
175.38,135.15,79.00,76.00
171.03,139.41,79.00,76.00
162.14,137.03,79.00,76.00
165.68,132.89,79.00,76.00
168.92,130.41,79.00,76.00
169.66,131.69,79.00,76.00
172.09,128.74,79.00,76.00
160.98,126.08,79.00,76.00
154.87,121.08,79.00,76.00
149.88,118.50,79.00,76.00
158.27,120.37,79.00,76.00
160.58,126.35,79.00,76.00
154.87,128.65,79.00,76.00
162.42,123.67,79.00,76.00
162.83,126.03,79.00,76.00
159.73,118.25,79.00,76.00
165.75,111.44,79.00,76.00
157.03,108.74,79.00,76.00
159.05,111.99,79.00,76.00
157.29,111.35,79.00,76.00
158.36,115.52,79.00,76.00
169.22,121.61,79.00,76.00
173.13,121.66,79.00,76.00
178.81,121.89,79.00,76.00
178.57,133.09,79.00,76.00
177.43,144.47,79.00,76.00
174.97,149.23,79.00,76.00
166.56,157.29,79.00,76.00
173.85,154.70,79.00,76.00
174.29,156.96,79.00,76.00
175.43,148.21,79.00,76.00
168.54,146.97,79.00,76.00
164.21,149.25,79.00,76.00
165.09,150.37,79.00,76.00
170.04,156.32,79.00,76.00
174.82,155.99,79.00,76.00
177.24,151.87,79.00,76.00
186.81,145.91,79.00,76.00
194.11,145.52,79.00,76.00
196.98,144.12,79.00,76.00
200.82,142.61,79.00,76.00
197.83,139.41,79.00,76.00
203.29,134.08,79.00,76.00
201.21,133.99,79.00,76.00
198.07,123.88,79.00,76.00
204.84,113.82,79.00,76.00
208.21,115.66,79.00,76.00
201.45,102.60,79.00,76.00
199.01,101.61,79.00,76.00
196.18,101.02,79.00,76.00
199.30,99.48,79.00,76.00
198.88,102.75,79.00,76.00
198.49,103.26,79.00,76.00
193.17,106.01,79.00,76.00
194.63,115.07,79.00,76.00
194.14,116.24,79.00,76.00
191.04,119.17,79.00,76.00
176.48,119.85,79.00,76.00
175.42,120.41,79.00,76.00
174.08,122.06,79.00,76.00
178.50,124.21,79.00,76.00
177.88,124.88,79.00,76.00
171.16,125.59,79.00,76.00
178.11,127.17,79.00,76.00
171.88,130.83,79.00,76.00
174.06,135.41,79.00,76.00
187.16,141.12,79.00,76.00
191.10,139.75,79.00,76.00
189.48,140.31,79.00,76.00
187.79,138.65,79.00,76.00
189.77,137.24,79.00,76.00
199.13,131.66,79.00,76.00
200.75,130.80,79.00,76.00
201.10,131.60,79.00,76.00
194.27,132.34,79.00,76.00
198.10,132.16,79.00,76.00
192.10,130.37,79.00,76.00
190.94,130.65,79.00,76.00
183.66,126.98,79.00,76.00
185.38,127.53,79.00,76.00
180.86,130.22,79.00,76.00
180.37,131.69,79.00,76.00
176.93,130.32,79.00,76.00
187.06,128.00,79.00,76.00
182.96,122.72,79.00,76.00
184.34,124.81,79.00,76.00
178.68,125.91,79.00,76.00
176.78,128.09,79.00,76.00
176.68,130.10,79.00,76.00
168.04,132.79,79.00,76.00
173.05,134.57,79.00,76.00
167.25,143.03,79.00,76.00
168.10,146.47,79.00,76.00
168.96,145.18,79.00,76.00
170.61,143.01,79.00,76.00
169.39,140.51,79.00,76.00
159.28,141.11,79.00,76.00
153.63,143.23,79.00,76.00
160.28,142.01,79.00,76.00
164.99,142.72,79.00,76.00
162.54,141.48,79.00,76.00
168.72,142.15,79.00,76.00
170.37,135.70,79.00,76.00
166.58,135.93,79.00,76.00
166.46,134.69,79.00,76.00
164.43,132.90,79.00,76.00
162.86,129.73,79.00,76.00
163.51,127.01,79.00,76.00
162.37,127.55,79.00,76.00
161.55,124.93,79.00,76.00
162.60,113.12,79.00,76.00
165.70,112.95,79.00,76.00
167.06,111.07,79.00,76.00
162.10,111.80,79.00,76.00
163.96,112.89,79.00,76.00
156.84,112.62,79.00,76.00
157.78,115.38,79.00,76.00
158.92,114.82,79.00,76.00
154.41,111.35,79.00,76.00
151.02,112.81,79.00,76.00
145.47,116.82,79.00,76.00
143.11,120.04,79.00,76.00
154.19,123.48,79.00,76.00
165.13,125.03,79.00,76.00
164.87,125.91,79.00,76.00
171.28,129.58,79.00,76.00
168.86,130.86,79.00,76.00
169.31,131.93,79.00,76.00
166.32,128.41,79.00,76.00
169.95,131.44,79.00,76.00
170.01,131.31,79.00,76.00
167.42,135.46,79.00,76.00
167.62,134.84,79.00,76.00
165.62,133.42,79.00,76.00
172.24,132.72,79.00,76.00
168.65,130.36,79.00,76.00
173.07,127.42,79.00,76.00
176.84,125.21,79.00,76.00
186.26,122.46,79.00,76.00
194.28,122.29,79.00,76.00
197.45,123.08,79.00,76.00
196.59,124.86,79.00,76.00
201.54,123.54,79.00,76.00
199.95,122.42,79.00,76.00
197.64,123.81,79.00,76.00
197.71,129.77,79.00,76.00
201.62,133.45,79.00,76.00
197.66,134.24,79.00,76.00
188.52,131.51,79.00,76.00
185.26,135.65,79.00,76.00
183.83,136.01,79.00,76.00
176.29,138.54,79.00,76.00
186.98,143.14,79.00,76.00
177.53,142.51,79.00,76.00
177.72,143.28,79.00,76.00
172.24,142.01,79.00,76.00
170.24,142.49,79.00,76.00
168.68,143.10,79.00,76.00
170.82,136.45,79.00,76.00
168.49,132.76,79.00,76.00
175.45,126.94,79.00,76.00
179.51,126.38,79.00,76.00
185.23,128.18,79.00,76.00
186.83,130.71,79.00,76.00
178.99,129.96,79.00,76.00
174.08,129.56,79.00,76.00
181.68,129.69,79.00,76.00
183.00,125.56,79.00,76.00
187.68,123.24,79.00,76.00
185.93,122.19,79.00,76.00
190.36,118.19,79.00,76.00
193.20,116.66,79.00,76.00
184.85,118.00,79.00,76.00
173.80,115.90,79.00,76.00
173.14,113.06,79.00,76.00
167.35,115.28,79.00,76.00
163.10,115.62,79.00,76.00
165.82,116.41,79.00,76.00
163.62,120.72,79.00,76.00
159.13,121.36,79.00,76.00
154.59,122.16,79.00,76.00
151.30,125.79,79.00,76.00
148.29,121.73,79.00,76.00
141.89,125.71,79.00,76.00
144.90,131.35,79.00,76.00
147.08,126.81,79.00,76.00
146.09,125.74,79.00,76.00
138.90,127.97,79.00,76.00
139.27,130.36,79.00,76.00
145.79,126.02,79.00,76.00
152.80,123.48,79.00,76.00
158.68,126.61,79.00,76.00
167.77,126.45,79.00,76.00
171.33,123.71,79.00,76.00
170.87,129.98,79.00,76.00
172.22,128.45,79.00,76.00
179.14,129.14,79.00,76.00
187.51,133.29,79.00,76.00
197.01,134.60,79.00,76.00
193.36,132.10,79.00,76.00
194.43,126.25,79.00,76.00
193.78,121.98,79.00,76.00
188.95,117.75,79.00,76.00
181.97,110.91,79.00,76.00
177.67,114.19,79.00,76.00
179.02,117.93,79.00,76.00
183.17,115.95,79.00,76.00
182.49,119.26,79.00,76.00
189.45,127.50,79.00,76.00
190.39,131.78,79.00,76.00
194.20,136.36,79.00,76.00
198.25,129.37,79.00,76.00
191.86,138.14,79.00,76.00
187.69,133.76,79.00,76.00
2
0
0
0
0
1
270.59,177.24,137.00,132.00
272.48,178.01,137.00,132.00
272.90,175.40,137.00,132.00
273.24,169.58,137.00,132.00
273.99,165.37,137.00,132.00
275.45,161.13,137.00,132.00
271.72,161.69,137.00,132.00
260.92,160.94,137.00,132.00
260.30,155.17,137.00,132.00
262.76,145.98,137.00,132.00
268.38,139.55,137.00,132.00
262.86,136.49,137.00,132.00
260.41,140.94,137.00,132.00
273.07,150.99,137.00,132.00
286.02,142.68,137.00,132.00
291.78,135.38,137.00,132.00
296.42,139.34,137.00,132.00
307.86,145.07,137.00,132.00
310.78,158.99,137.00,132.00
308.68,163.89,137.00,132.00
319.16,152.51,137.00,132.00
305.70,161.60,137.00,132.00
300.93,163.55,137.00,132.00
292.62,170.46,137.00,132.00
283.90,179.91,137.00,132.00
237.46,167.60,137.00,132.00
202.77,166.32,137.00,132.00
182.97,152.11,137.00,132.00
196.80,136.64,137.00,132.00
197.79,137.11,137.00,132.00
182.32,135.27,137.00,132.00
195.28,133.70,137.00,132.00
193.56,107.01,137.00,132.00
173.66,104.90,137.00,132.00
168.93,97.11,137.00,132.00
178.26,112.61,137.00,132.00
182.56,106.46,137.00,132.00
176.44,105.71,137.00,132.00
166.91,113.77,137.00,132.00
156.08,102.94,137.00,132.00
153.13,83.32,137.00,132.00
157.52,75.00,137.00,132.00
141.72,72.85,137.00,132.00
2
0
0
0
0
1
271.29,176.35,136.00,130.00
272.25,173.97,136.00,130.00
274.77,175.55,136.00,130.00
276.45,177.62,136.00,130.00
278.84,181.92,136.00,130.00
285.24,182.00,136.00,130.00
293.79,182.16,136.00,130.00
290.78,184.70,136.00,130.00
286.39,187.82,136.00,130.00
284.16,194.87,136.00,130.00
270.26,204.13,136.00,130.00
264.15,198.81,136.00,130.00
252.15,199.06,136.00,130.00
246.63,194.51,136.00,130.00
231.03,194.77,136.00,130.00
214.13,189.29,136.00,130.00
204.00,185.54,136.00,130.00
219.18,187.72,136.00,130.00
208.80,169.05,136.00,130.00
203.16,166.40,136.00,130.00
211.48,169.50,136.00,130.00
224.55,189.38,136.00,130.00
240.18,193.25,136.00,130.00
225.30,178.90,136.00,130.00
232.91,172.28,136.00,130.00
245.82,174.82,136.00,130.00
241.91,169.45,136.00,130.00
239.09,170.14,136.00,130.00
236.74,170.79,136.00,130.00
252.24,166.23,136.00,130.00
254.10,157.58,136.00,130.00
244.00,161.66,136.00,130.00
246.31,156.20,136.00,130.00
232.62,151.18,136.00,130.00
242.55,147.76,136.00,130.00
235.06,128.90,136.00,130.00
223.87,125.19,136.00,130.00
199.73,102.92,136.00,130.00
199.56,89.76,136.00,130.00
202.89,94.23,136.00,130.00
197.05,94.98,136.00,130.00
203.40,101.66,136.00,130.00
218.27,95.40,136.00,130.00
220.94,98.36,136.00,130.00
212.97,91.12,136.00,130.00
216.02,118.36,136.00,130.00
228.25,140.11,136.00,130.00
222.50,140.78,136.00,130.00
213.71,140.10,136.00,130.00
197.28,119.04,136.00,130.00
201.73,107.64,136.00,130.00
201.31,86.71,136.00,130.00
223.05,118.49,136.00,130.00
221.84,116.11,136.00,130.00
220.55,114.71,136.00,130.00
214.07,107.29,136.00,130.00
212.55,107.72,136.00,130.00
204.34,99.62,136.00,130.00
202.77,85.37,136.00,130.00
204.30,84.62,136.00,130.00
195.99,86.42,136.00,130.00
198.76,93.08,136.00,130.00
218.85,108.70,136.00,130.00
246.74,120.85,136.00,130.00
252.26,113.14,136.00,130.00
264.88,109.03,136.00,130.00
246.11,106.80,136.00,130.00
243.45,112.50,136.00,130.00
234.05,117.54,136.00,130.00
227.47,118.19,136.00,130.00
219.67,120.65,136.00,130.00
212.87,120.21,136.00,130.00
201.95,119.65,136.00,130.00
183.91,116.31,136.00,130.00
179.37,109.28,136.00,130.00
173.98,104.12,136.00,130.00
170.50,104.70,136.00,130.00
169.12,100.17,136.00,130.00
166.09,105.97,136.00,130.00
170.20,98.18,136.00,130.00
186.43,96.06,136.00,130.00
184.92,89.04,136.00,130.00
183.88,83.34,136.00,130.00
196.29,79.37,136.00,130.00
190.56,73.94,136.00,130.00
213.77,84.29,136.00,130.00
214.60,89.39,136.00,130.00
200.36,88.17,136.00,130.00
198.87,98.20,136.00,130.00
193.29,108.08,136.00,130.00
187.15,118.24,136.00,130.00
199.06,113.31,136.00,130.00
207.28,110.31,136.00,130.00
207.13,108.65,136.00,130.00
215.13,101.15,136.00,130.00
199.58,109.09,136.00,130.00
206.16,99.08,136.00,130.00
191.65,85.43,136.00,130.00
174.75,87.84,136.00,130.00
172.90,85.41,136.00,130.00
173.51,89.19,136.00,130.00
176.85,93.10,136.00,130.00
177.62,94.00,136.00,130.00
177.99,92.82,136.00,130.00
179.66,102.84,136.00,130.00
187.67,112.05,136.00,130.00
189.33,115.90,136.00,130.00
195.91,117.28,136.00,130.00
195.17,122.60,136.00,130.00
201.41,124.23,136.00,130.00
196.96,115.83,136.00,130.00
186.44,112.84,136.00,130.00
188.51,105.52,136.00,130.00
204.28,110.52,136.00,130.00
174.86,114.41,136.00,130.00
165.72,108.43,136.00,130.00
166.88,107.91,136.00,130.00
172.06,105.05,136.00,130.00
170.02,105.21,136.00,130.00
180.04,96.37,136.00,130.00
168.40,90.71,136.00,130.00
158.15,92.81,136.00,130.00
152.33,90.90,136.00,130.00
2
0
0
0
0
1
269.47,182.24,134.00,124.00
269.16,180.89,134.00,124.00
268.24,178.81,134.00,124.00
267.88,178.65,134.00,124.00
269.32,174.39,134.00,124.00
266.32,169.58,134.00,124.00
268.30,167.27,134.00,124.00
263.60,162.84,134.00,124.00
261.41,162.23,134.00,124.00
260.61,159.92,134.00,124.00
264.44,166.84,134.00,124.00
251.10,166.67,134.00,124.00
246.15,164.61,134.00,124.00
238.68,151.26,134.00,124.00
230.98,164.99,134.00,124.00
236.33,180.51,134.00,124.00
236.15,182.11,134.00,124.00
234.21,183.86,134.00,124.00
232.69,171.40,134.00,124.00
233.05,171.32,134.00,124.00
248.90,163.93,134.00,124.00
257.51,168.35,134.00,124.00
261.12,167.28,134.00,124.00
269.86,162.66,134.00,124.00
269.67,162.67,134.00,124.00
272.75,149.22,134.00,124.00
276.37,140.74,134.00,124.00
283.13,148.47,134.00,124.00
279.16,140.20,134.00,124.00
280.85,144.54,134.00,124.00
278.75,139.41,134.00,124.00
280.61,134.52,134.00,124.00
281.79,139.59,134.00,124.00
287.08,146.84,134.00,124.00
285.96,147.89,134.00,124.00
272.69,141.81,134.00,124.00
262.55,156.06,134.00,124.00
252.74,155.27,134.00,124.00
238.58,149.87,134.00,124.00
234.49,161.10,134.00,124.00
241.04,154.29,134.00,124.00
231.13,154.63,134.00,124.00
218.50,150.84,134.00,124.00
212.22,146.14,134.00,124.00
197.65,139.51,134.00,124.00
200.94,131.26,134.00,124.00
196.58,148.17,134.00,124.00
188.85,138.11,134.00,124.00
202.73,137.07,134.00,124.00
226.33,134.35,134.00,124.00
226.54,123.46,134.00,124.00
239.78,118.91,134.00,124.00
230.14,125.96,134.00,124.00
246.79,121.73,134.00,124.00
250.73,117.07,134.00,124.00
250.90,126.43,134.00,124.00
250.96,130.32,134.00,124.00
248.70,137.17,134.00,124.00
250.88,134.95,134.00,124.00
254.27,136.33,134.00,124.00
261.14,147.20,134.00,124.00
243.12,157.33,134.00,124.00
232.61,151.89,134.00,124.00
230.14,152.08,134.00,124.00
237.56,145.41,134.00,124.00
232.00,156.02,134.00,124.00
232.79,155.47,134.00,124.00
211.24,157.64,134.00,124.00
205.13,167.26,134.00,124.00
206.81,167.11,134.00,124.00
191.08,174.86,134.00,124.00
191.48,180.82,134.00,124.00
197.03,177.68,134.00,124.00
194.86,177.00,134.00,124.00
180.71,167.66,134.00,124.00
191.96,159.60,134.00,124.00
194.71,152.54,134.00,124.00
208.55,152.06,134.00,124.00
230.99,154.18,134.00,124.00
233.53,148.79,134.00,124.00
227.65,145.60,134.00,124.00
227.73,138.33,134.00,124.00
236.89,145.08,134.00,124.00
238.85,153.31,134.00,124.00
231.07,154.72,134.00,124.00
219.43,156.08,134.00,124.00
207.26,141.25,134.00,124.00
199.98,134.51,134.00,124.00
193.74,127.85,134.00,124.00
185.87,114.94,134.00,124.00
190.47,114.11,134.00,124.00
184.21,105.42,134.00,124.00
184.42,119.57,134.00,124.00
192.26,128.05,134.00,124.00
176.63,134.43,134.00,124.00
192.39,137.79,134.00,124.00
191.38,140.46,134.00,124.00
183.96,141.92,134.00,124.00
177.78,135.86,134.00,124.00
172.72,133.08,134.00,124.00
182.33,117.46,134.00,124.00
196.18,114.50,134.00,124.00
209.08,112.14,134.00,124.00
214.21,113.26,134.00,124.00
220.19,121.80,134.00,124.00
233.35,128.62,134.00,124.00
229.19,125.68,134.00,124.00
231.73,127.47,134.00,124.00
234.68,136.49,134.00,124.00
233.69,148.33,134.00,124.00
229.34,149.32,134.00,124.00
231.14,144.25,134.00,124.00
223.19,142.00,134.00,124.00
224.30,143.46,134.00,124.00
213.97,137.40,134.00,124.00
211.96,130.74,134.00,124.00
219.26,124.98,134.00,124.00
207.13,121.63,134.00,124.00
210.53,125.34,134.00,124.00
2
0
0
0
0
1
258.99,254.17,243.00,80.00
259.10,254.20,243.00,80.00
258.46,253.37,243.00,80.00
261.05,251.00,243.00,80.00
266.13,250.40,243.00,80.00
264.00,253.21,243.00,80.00
260.24,252.61,243.00,80.00
260.98,254.78,243.00,80.00
254.50,254.62,243.00,80.00
257.07,254.58,243.00,80.00
250.04,250.61,243.00,80.00
250.29,253.60,243.00,80.00
247.16,254.04,243.00,80.00
248.28,250.36,243.00,80.00
245.06,245.24,243.00,80.00
246.82,246.63,243.00,80.00
252.62,248.64,243.00,80.00
252.66,251.16,243.00,80.00
248.65,252.30,243.00,80.00
254.66,247.65,243.00,80.00
249.14,246.99,243.00,80.00
254.08,246.64,243.00,80.00
246.19,244.11,243.00,80.00
242.43,250.65,243.00,80.00
243.94,252.23,243.00,80.00
251.96,251.83,243.00,80.00
263.06,248.71,243.00,80.00
269.74,237.20,243.00,80.00
280.32,237.96,243.00,80.00
281.41,238.65,243.00,80.00
277.03,239.58,243.00,80.00
285.46,230.50,243.00,80.00
271.34,230.83,243.00,80.00
264.60,237.91,243.00,80.00
238.69,230.04,243.00,80.00
237.19,229.54,243.00,80.00
228.06,223.37,243.00,80.00
211.80,223.99,243.00,80.00
211.47,219.40,243.00,80.00
216.44,222.99,243.00,80.00
211.69,219.68,243.00,80.00
199.06,211.05,243.00,80.00
168.83,199.46,243.00,80.00
142.35,186.86,243.00,80.00
137.31,176.68,243.00,80.00
142.47,179.86,243.00,80.00
2
0
0
0
0
1
263.42,255.81,239.00,78.00
263.45,255.90,239.00,78.00
259.97,254.97,239.00,78.00
259.02,257.49,239.00,78.00
256.27,262.52,239.00,78.00
254.38,267.58,239.00,78.00
255.39,256.40,239.00,78.00
249.94,254.62,239.00,78.00
245.90,250.87,239.00,78.00
245.73,254.10,239.00,78.00
247.37,257.43,239.00,78.00
249.01,257.95,239.00,78.00
253.30,255.54,239.00,78.00
254.35,250.46,239.00,78.00
259.54,247.86,239.00,78.00
259.96,242.60,239.00,78.00
255.23,241.68,239.00,78.00
258.49,233.59,239.00,78.00
275.47,229.61,239.00,78.00
280.24,227.07,239.00,78.00
280.21,217.46,239.00,78.00
280.83,215.39,239.00,78.00
279.90,227.56,239.00,78.00
275.35,233.43,239.00,78.00
271.36,234.88,239.00,78.00
267.44,234.54,239.00,78.00
261.84,237.51,239.00,78.00
254.73,237.45,239.00,78.00
259.27,242.99,239.00,78.00
252.80,249.33,239.00,78.00
245.25,250.37,239.00,78.00
249.45,253.17,239.00,78.00
245.16,246.77,239.00,78.00
238.73,242.53,239.00,78.00
224.15,235.81,239.00,78.00
210.46,222.40,239.00,78.00
203.27,215.95,239.00,78.00
197.96,211.53,239.00,78.00
207.32,208.18,239.00,78.00
200.85,207.21,239.00,78.00
199.92,195.46,239.00,78.00
184.90,185.43,239.00,78.00
182.19,187.57,239.00,78.00
168.63,185.08,239.00,78.00
2
0
0
0
0
1
268.07,255.04,236.00,77.00
268.74,253.02,236.00,77.00
267.83,252.69,236.00,77.00
270.21,252.22,236.00,77.00
274.01,249.95,236.00,77.00
277.33,248.93,236.00,77.00
282.39,246.02,236.00,77.00
286.65,241.64,236.00,77.00
295.99,244.86,236.00,77.00
294.68,246.62,236.00,77.00
300.85,247.66,236.00,77.00
302.58,254.21,236.00,77.00
320.22,259.37,236.00,77.00
311.02,261.22,236.00,77.00
313.96,260.21,236.00,77.00
309.98,263.71,236.00,77.00
293.68,263.93,236.00,77.00
286.57,260.48,236.00,77.00
276.14,257.93,236.00,77.00
272.29,255.57,236.00,77.00
259.18,257.17,236.00,77.00
228.38,251.54,236.00,77.00
195.59,245.14,236.00,77.00
181.67,242.28,236.00,77.00
184.96,239.73,236.00,77.00
160.35,234.02,236.00,77.00
194.40,238.72,236.00,77.00
210.15,229.78,236.00,77.00
198.46,227.57,236.00,77.00
204.79,229.54,236.00,77.00
230.84,233.30,236.00,77.00
244.08,240.76,236.00,77.00
257.11,237.11,236.00,77.00
253.93,230.25,236.00,77.00
247.27,222.25,236.00,77.00
240.97,216.42,236.00,77.00
238.23,219.35,236.00,77.00
227.52,224.04,236.00,77.00
209.29,214.94,236.00,77.00
219.74,209.98,236.00,77.00
218.79,211.47,236.00,77.00
224.12,208.40,236.00,77.00
220.79,197.27,236.00,77.00
224.31,201.59,236.00,77.00
221.02,210.15,236.00,77.00
225.10,208.88,236.00,77.00
229.55,210.71,236.00,77.00
224.49,212.49,236.00,77.00
220.60,208.85,236.00,77.00
224.50,195.98,236.00,77.00
217.60,191.16,236.00,77.00
214.78,191.98,236.00,77.00
207.80,189.21,236.00,77.00
211.38,191.64,236.00,77.00
203.74,185.23,236.00,77.00
200.39,168.05,236.00,77.00
191.27,166.49,236.00,77.00
189.35,161.00,236.00,77.00
196.18,160.49,236.00,77.00
2
0
0
0
0
1
246.58,233.38,251.00,99.00
246.85,233.49,251.00,99.00
244.96,231.08,251.00,99.00
244.22,228.45,251.00,99.00
239.64,230.55,251.00,99.00
238.24,231.42,251.00,99.00
235.15,224.60,251.00,99.00
237.97,218.71,251.00,99.00
239.18,211.90,251.00,99.00
243.09,218.30,251.00,99.00
248.14,223.54,251.00,99.00
245.68,226.49,251.00,99.00
251.13,235.12,251.00,99.00
246.89,234.12,251.00,99.00
247.76,236.62,251.00,99.00
238.60,228.91,251.00,99.00
241.85,231.03,251.00,99.00
257.19,238.62,251.00,99.00
258.64,236.18,251.00,99.00
242.63,231.51,251.00,99.00
241.27,230.01,251.00,99.00
232.24,228.23,251.00,99.00
247.14,226.92,251.00,99.00
242.57,228.69,251.00,99.00
250.14,228.35,251.00,99.00
239.89,231.54,251.00,99.00
227.92,226.33,251.00,99.00
211.67,224.11,251.00,99.00
218.97,229.99,251.00,99.00
221.88,228.69,251.00,99.00
223.65,224.03,251.00,99.00
215.65,221.65,251.00,99.00
218.15,220.14,251.00,99.00
205.83,231.18,251.00,99.00
219.91,230.49,251.00,99.00
192.77,218.15,251.00,99.00
192.40,220.36,251.00,99.00
179.34,211.48,251.00,99.00
153.54,203.60,251.00,99.00
151.72,205.75,251.00,99.00
154.39,202.45,251.00,99.00
163.13,203.83,251.00,99.00
143.05,200.82,251.00,99.00
154.95,199.13,251.00,99.00
150.37,203.14,251.00,99.00
148.91,196.56,251.00,99.00
155.75,201.71,251.00,99.00
146.73,191.30,251.00,99.00
141.95,183.92,251.00,99.00
133.26,160.46,251.00,99.00
121.22,154.87,251.00,99.00
101.42,133.73,251.00,99.00
107.04,135.79,251.00,99.00
116.32,150.66,251.00,99.00
131.40,162.35,251.00,99.00
124.19,162.16,251.00,99.00
151.45,174.70,251.00,99.00
142.84,165.18,251.00,99.00
152.86,166.98,251.00,99.00
129.65,161.93,251.00,99.00
122.86,151.92,251.00,99.00
116.27,147.76,251.00,99.00
95.64,144.54,251.00,99.00
115.04,153.22,251.00,99.00
110.54,148.48,251.00,99.00
126.33,146.20,251.00,99.00
156.53,139.77,251.00,99.00
143.75,149.04,251.00,99.00
137.12,144.33,251.00,99.00
136.11,147.27,251.00,99.00
105.49,136.76,251.00,99.00
96.39,126.21,251.00,99.00
78.43,133.94,251.00,99.00
72.14,146.25,251.00,99.00
82.99,146.05,251.00,99.00
69.41,151.52,251.00,99.00
51.66,148.55,251.00,99.00
69.26,144.43,251.00,99.00
53.42,149.02,251.00,99.00
48.21,145.16,251.00,99.00
52.69,144.42,251.00,99.00
72.18,133.57,251.00,99.00
75.80,124.58,251.00,99.00
75.31,122.58,251.00,99.00
71.19,119.80,251.00,99.00
66.50,133.52,251.00,99.00
63.36,139.47,251.00,99.00
60.52,143.65,251.00,99.00
61.47,135.88,251.00,99.00
70.50,135.41,251.00,99.00
73.75,133.14,251.00,99.00
73.52,128.66,251.00,99.00
107.41,125.33,251.00,99.00
123.97,120.06,251.00,99.00
121.78,122.24,251.00,99.00
2
0
0
0
0
1
200.38,213.59,246.00,123.00
198.46,214.62,246.00,123.00
198.61,217.13,246.00,123.00
195.97,211.25,246.00,123.00
198.87,214.29,246.00,123.00
194.58,211.40,246.00,123.00
182.17,211.94,246.00,123.00
180.05,213.17,246.00,123.00
173.83,206.20,246.00,123.00
171.07,191.89,246.00,123.00
166.91,183.66,246.00,123.00
159.23,177.22,246.00,123.00
169.41,168.52,246.00,123.00
157.81,178.06,246.00,123.00
149.65,180.60,246.00,123.00
149.92,180.19,246.00,123.00
144.33,184.72,246.00,123.00
138.75,175.68,246.00,123.00
133.53,161.27,246.00,123.00
146.21,163.15,246.00,123.00
160.66,167.72,246.00,123.00
157.94,170.11,246.00,123.00
151.83,170.86,246.00,123.00
143.37,180.83,246.00,123.00
186.04,195.62,246.00,123.00
190.02,197.22,246.00,123.00
183.29,196.26,246.00,123.00
176.36,188.49,246.00,123.00
181.59,194.15,246.00,123.00
171.06,181.49,246.00,123.00
150.54,161.07,246.00,123.00
149.81,159.31,246.00,123.00
145.36,164.03,246.00,123.00
156.95,148.55,246.00,123.00
149.77,154.65,246.00,123.00
145.08,164.97,246.00,123.00
114.78,142.79,246.00,123.00
97.03,133.18,246.00,123.00
102.25,115.45,246.00,123.00
2
0
0
0
0
1
237.26,237.32,244.00,96.00
238.83,236.76,244.00,96.00
241.90,237.89,244.00,96.00
237.79,236.57,244.00,96.00
237.16,236.14,244.00,96.00
235.69,236.54,244.00,96.00
232.41,236.64,244.00,96.00
232.45,234.51,244.00,96.00
225.93,233.62,244.00,96.00
233.55,235.13,244.00,96.00
229.82,230.49,244.00,96.00
234.96,220.71,244.00,96.00
244.12,218.27,244.00,96.00
243.28,219.86,244.00,96.00
228.99,204.59,244.00,96.00
238.26,204.76,244.00,96.00
