1
111.67,97.80,26.00,102.00
111.81,96.86,26.00,102.00
111.50,96.02,26.00,102.00
110.83,95.26,26.00,102.00
110.89,94.40,26.00,102.00
111.19,96.63,26.00,102.00
109.59,98.94,26.00,102.00
111.36,101.47,26.00,102.00
106.68,100.67,26.00,102.00
103.21,102.80,26.00,102.00
101.25,104.98,26.00,102.00
96.93,100.89,26.00,102.00
96.16,108.84,26.00,102.00
91.83,111.64,26.00,102.00
90.82,117.18,26.00,102.00
88.82,114.20,26.00,102.00
91.46,113.34,26.00,102.00
90.39,109.84,26.00,102.00
84.44,111.24,26.00,102.00
89.37,114.52,26.00,102.00
92.17,110.06,26.00,102.00
93.98,112.32,26.00,102.00
90.55,114.95,26.00,102.00
94.03,109.43,26.00,102.00
95.33,113.89,26.00,102.00
102.82,122.22,26.00,102.00
106.43,118.40,26.00,102.00
109.44,119.81,26.00,102.00
110.16,114.91,26.00,102.00
111.32,103.95,26.00,102.00
111.74,101.89,26.00,102.00
101.27,91.13,26.00,102.00
111.34,93.12,26.00,102.00
119.44,93.99,26.00,102.00
128.34,101.07,26.00,102.00
2
0
0
0
0
1
102.80,91.00,25.00,101.00
102.81,91.12,25.00,101.00
102.06,91.24,25.00,101.00
101.02,92.63,25.00,101.00
99.90,94.16,25.00,101.00
95.83,98.57,25.00,101.00
91.34,100.36,25.00,101.00
86.99,102.33,25.00,101.00
86.11,98.16,25.00,101.00
84.43,94.22,25.00,101.00
81.97,93.90,25.00,101.00
81.66,96.48,25.00,101.00
81.87,99.73,25.00,101.00
80.29,99.51,25.00,101.00
82.01,102.30,25.00,101.00
82.33,105.48,25.00,101.00
84.35,105.48,25.00,101.00
84.90,110.65,25.00,101.00
87.16,112.31,25.00,101.00
87.46,111.70,25.00,101.00
85.33,116.68,25.00,101.00
89.94,109.26,25.00,101.00
86.83,108.14,25.00,101.00
95.09,112.94,25.00,101.00
2
0
0
0
0
1
128.55,91.41,29.00,96.00
128.22,89.93,29.00,96.00
126.29,89.36,29.00,96.00
123.39,89.36,29.00,96.00
120.39,91.74,29.00,96.00
115.34,93.24,29.00,96.00
108.88,98.82,29.00,96.00
100.34,102.02,29.00,96.00
97.50,101.41,29.00,96.00
88.93,103.18,29.00,96.00
82.08,112.22,29.00,96.00
80.52,116.67,29.00,96.00
80.48,122.49,29.00,96.00
2
0
0
0
0
1
119.88,87.78,28.00,108.00
120.32,86.94,28.00,108.00
121.37,86.35,28.00,108.00
121.54,87.46,28.00,108.00
124.45,88.16,28.00,108.00
124.06,88.00,28.00,108.00
122.35,89.09,28.00,108.00
122.37,89.68,28.00,108.00
124.85,89.92,28.00,108.00
127.05,89.28,28.00,108.00
126.30,87.16,28.00,108.00
124.72,83.62,28.00,108.00
128.74,85.28,28.00,108.00
126.01,84.89,28.00,108.00
126.36,85.32,28.00,108.00
125.10,81.31,28.00,108.00
126.92,79.55,28.00,108.00
122.09,80.16,28.00,108.00
127.38,80.87,28.00,108.00
133.76,88.23,28.00,108.00
138.94,88.26,28.00,108.00
2
0
0
0
0
1
95.90,82.39,28.00,112.00
94.32,81.32,28.00,112.00
93.69,79.82,28.00,112.00
92.63,81.42,28.00,112.00
91.76,83.67,28.00,112.00
89.06,87.11,28.00,112.00
93.00,86.83,28.00,112.00
95.94,87.92,28.00,112.00
95.54,89.44,28.00,112.00
94.95,91.04,28.00,112.00
93.47,92.60,28.00,112.00
99.51,97.31,28.00,112.00
103.97,99.98,28.00,112.00
2
0
0
0
0
1
128.48,112.02,27.00,117.00
127.24,112.11,27.00,117.00
126.76,111.80,27.00,117.00
125.61,112.42,27.00,117.00
125.86,111.84,27.00,117.00
128.36,113.36,27.00,117.00
129.47,111.71,27.00,117.00
130.91,112.59,27.00,117.00
131.70,113.75,27.00,117.00
131.06,112.96,27.00,117.00
130.04,107.71,27.00,117.00
130.08,109.07,27.00,117.00
133.44,112.61,27.00,117.00
136.45,110.18,27.00,117.00
141.45,110.81,27.00,117.00
141.85,117.00,27.00,117.00
139.99,117.26,27.00,117.00
137.49,110.27,27.00,117.00
142.62,94.93,27.00,117.00
143.49,92.55,27.00,117.00
143.00,93.18,27.00,117.00
142.15,96.11,27.00,117.00
136.27,95.41,27.00,117.00
139.10,97.18,27.00,117.00
148.06,93.51,27.00,117.00
155.04,92.44,27.00,117.00
153.15,96.67,27.00,117.00
149.81,96.68,27.00,117.00
155.14,99.68,27.00,117.00
154.73,107.48,27.00,117.00
164.14,106.54,27.00,117.00
166.33,102.06,27.00,117.00
2
0
0
0
0
1
130.54,98.47,30.00,118.00
130.48,97.90,30.00,118.00
129.67,96.16,30.00,118.00
130.28,96.34,30.00,118.00
131.81,97.95,30.00,118.00
132.16,98.85,30.00,118.00
129.60,102.32,30.00,118.00
130.52,104.96,30.00,118.00
127.40,106.92,30.00,118.00
125.11,109.60,30.00,118.00
118.48,111.41,30.00,118.00
114.37,119.13,30.00,118.00
113.86,118.06,30.00,118.00
111.98,120.95,30.00,118.00
113.78,118.52,30.00,118.00
113.43,121.51,30.00,118.00
108.34,118.89,30.00,118.00
110.74,117.67,30.00,118.00
119.56,122.47,30.00,118.00
114.39,119.69,30.00,118.00
104.75,124.48,30.00,118.00
121.76,134.61,30.00,118.00
128.85,134.35,30.00,118.00
131.66,134.03,30.00,118.00
122.15,130.73,30.00,118.00
125.22,128.80,30.00,118.00
141.94,136.84,30.00,118.00
142.32,131.46,30.00,118.00
143.20,131.79,30.00,118.00
142.03,132.33,30.00,118.00
138.41,135.05,30.00,118.00
138.28,135.68,30.00,118.00
128.37,135.75,30.00,118.00
125.61,145.73,30.00,118.00
130.57,137.91,30.00,118.00
126.40,140.92,30.00,118.00
2
0
0
0
0
1
136.20,120.46,28.00,125.00
136.21,121.73,28.00,125.00
135.01,123.42,28.00,125.00
133.69,123.91,28.00,125.00
135.84,125.62,28.00,125.00
132.96,125.74,28.00,125.00
132.45,131.03,28.00,125.00
129.57,131.22,28.00,125.00
133.49,135.35,28.00,125.00
132.27,130.86,28.00,125.00
139.67,118.35,28.00,125.00
143.78,116.90,28.00,125.00
144.87,116.24,28.00,125.00
2
0
0
0
0
1
106.27,99.52,32.00,127.00
105.35,99.83,32.00,127.00
104.53,99.03,32.00,127.00
105.28,100.97,32.00,127.00
106.55,101.57,32.00,127.00
106.43,103.08,32.00,127.00
106.76,104.36,32.00,127.00
109.33,108.13,32.00,127.00
111.91,106.15,32.00,127.00
109.85,103.54,32.00,127.00
113.97,103.84,32.00,127.00
117.04,100.75,32.00,127.00
126.03,105.89,32.00,127.00
119.26,109.33,32.00,127.00
114.44,114.04,32.00,127.00
110.25,121.29,32.00,127.00
105.96,127.13,32.00,127.00
106.86,118.33,32.00,127.00
107.96,115.67,32.00,127.00
118.82,126.98,32.00,127.00
122.08,129.37,32.00,127.00
128.49,132.71,32.00,127.00
132.50,140.22,32.00,127.00
125.79,145.69,32.00,127.00
128.70,150.36,32.00,127.00
131.73,152.37,32.00,127.00
139.02,156.18,32.00,127.00
139.14,157.10,32.00,127.00
133.80,161.34,32.00,127.00
128.14,167.96,32.00,127.00
120.48,160.34,32.00,127.00
127.39,148.22,32.00,127.00
144.60,138.56,32.00,127.00
150.88,135.29,32.00,127.00
144.93,139.07,32.00,127.00
132.10,149.27,32.00,127.00
131.92,153.42,32.00,127.00
133.60,153.79,32.00,127.00
138.16,151.81,32.00,127.00
135.39,150.47,32.00,127.00
131.92,144.69,32.00,127.00
134.92,144.55,32.00,127.00
131.24,148.11,32.00,127.00
134.38,142.72,32.00,127.00
134.41,141.00,32.00,127.00
2
0
0
0
0
1
117.28,119.34,32.00,131.00
117.29,119.64,32.00,131.00
115.47,120.75,32.00,131.00
112.25,123.57,32.00,131.00
112.95,123.19,32.00,131.00
113.23,124.88,32.00,131.00
112.90,126.18,32.00,131.00
110.33,126.90,32.00,131.00
108.52,127.85,32.00,131.00
108.94,126.56,32.00,131.00
112.54,128.48,32.00,131.00
113.28,130.56,32.00,131.00
110.24,124.96,32.00,131.00
107.58,127.38,32.00,131.00
109.04,132.99,32.00,131.00
111.64,131.75,32.00,131.00
114.33,136.71,32.00,131.00
115.70,138.39,32.00,131.00
115.11,138.71,32.00,131.00
118.70,137.89,32.00,131.00
