0.01432310
0.05025280
0.04986540
0.04994950
0.05085030
0.04973370
0.04977860
0.05014950
0.04959430
0.04954670
0.04985180
0.04992030
0.04994070
0.05149090
0.05159200
0.05060360
0.05000510
0.04924890
0.04994550
0.04983200
0.04845160
0.04772840
0.05041450
0.04937670
0.05011970
0.04977550
0.04999490
0.04923030
0.04990250
0.04973320
0.04855830
0.05185380
0.04822400
0.04838330
0.04914280
0.04888690
0.04934350
0.00000000
0.00000000
0.00000000
0.00000000
0.01420760
0.04944020
0.04920140
0.04884890
0.04893130
0.04917340
0.04982180
0.04913990
0.04911850
0.04908140
0.04949230
0.04928320
0.04982000
0.04951010
0.04899170
0.04986890
0.05354930
0.05059710
0.05032930
0.04920950
0.04934640
0.04714610
0.04599700
0.04692380
0.04713840
0.04719740
0.00000000
0.00000000
0.00000000
0.00000000
0.01396970
0.04975050
0.04948900
0.05019800
0.04976250
0.04963670
0.05019210
0.05135320
0.05195570
0.04986980
0.05005370
0.04975260
0.04995500
0.04956890
0.04982580
0.00000000
0.00000000
0.00000000
0.00000000
0.01407560
0.05031730
0.04999840
0.05044770
0.05047750
0.05009150
0.05058610
0.05016700
0.05107190
0.05145310
0.05059710
0.05072230
0.05022360
0.05111080
0.05114560
0.05062430
0.05074620
0.05013070
0.05000360
0.04914330
0.04893350
0.04939800
0.04965550
0.00000000
0.00000000
0.00000000
0.00000000
0.01395070
0.05053110
0.05039100
0.05023300
0.05058570
0.05070680
0.05009530
0.05051420
0.05125350
0.05261110
0.05070790
0.05058030
0.05010520
0.05090790
0.05020600
0.00000000
0.00000000
0.00000000
0.00000000
0.01407650
0.04979170
0.04985340
0.05009810
0.04998490
0.05072470
0.04982380
0.05011020
0.04980220
0.04986290
0.05021590
0.05065090
0.04988010
0.05006150
0.05017850
0.05105540
0.05176370
0.05051250
0.04985990
0.04778030
0.04705410
0.04940130
0.05059280
0.04975430
0.04986410
0.05066340
0.04970630
0.04755760
0.05012320
0.05029170
0.05004290
0.05118270
0.05145040
0.05035770
0.00000000
0.00000000
0.00000000
0.00000000
0.01411970
0.05130310
0.05250680
0.05192030
0.05213080
0.05108140
0.05046340
0.05116010
0.05048850
0.05155610
0.05096230
0.05033910
0.05068930
0.05079850
0.05084980
0.05096700
0.04979640
0.05018620
0.04882390
0.05222930
0.05256920
0.04960860
0.04616840
0.04787010
0.04778240
0.04851730
0.04975200
0.04870330
0.04994590
0.05044510
0.04840620
0.04912090
0.04866520
0.05033680
0.04921630
0.04926420
0.05222660
0.05117280
0.00000000
0.00000000
0.00000000
0.00000000
0.01424540
0.05117340
0.05067800
0.05065230
0.05059440
0.05236710
0.05089210
0.05168420
0.05110850
0.05091860
0.04862530
0.04704290
0.04854880
0.05007390
0.04987370
0.00000000
0.00000000
0.00000000
0.00000000
0.01401700
0.05199350
0.05133050
0.05129240
0.05184470
0.05156220
0.05282010
0.05506830
0.05189250
0.05216450
0.05228790
0.05182080
0.05184080
0.05271510
0.05267260
0.05144900
0.05225030
0.05017100
0.05037570
0.05039100
0.05069210
0.04695660
0.05258260
0.05302200
0.05126010
0.04991430
0.04968880
0.05131980
0.05031020
0.04900660
0.04931960
0.04833110
0.04702830
0.04763760
0.04481160
0.04958760
0.04747590
0.05006660
0.05135130
0.05172970
0.05169580
0.05270870
0.05296050
0.05270980
0.05278920
0.05346350
0.05265790
0.00000000
0.00000000
0.00000000
0.00000000
0.01516860
0.05263810
0.05262780
0.05238140
0.05188490
0.05204250
0.05234970
0.05247240
0.05166740
0.05202810
0.05228650
0.05057750
0.05183600
0.04866090
0.05241770
0.05318150
0.05228730
0.05245860
0.05203010
0.05297610
0.04877940
