0.01446600
0.05387520
0.05274060
0.05327140
0.05316410
0.05106200
0.05276900
0.05246230
0.05186370
0.05356830
0.04642050
0.05185190
0.05164290
0.05209410
0.05814320
0.05145040
0.05275490
0.05246580
0.05320120
0.05275090
0.05294490
0.05204220
0.04338480
0.05244490
0.05306850
0.05235900
0.05118520
0.04326110
0.05213830
0.04958910
0.05285560
0.05590480
0.05265410
0.04667950
0.04982960
0.05117800
0.04879240
0.05450860
0.04932660
0.05092330
0.05210360
0.04997290
0.05104990
0.04937610
0.04425840
0.04820180
0.05133770
0.00000000
0.00000000
0.00000000
0.00000000
0.01429120
0.05290490
0.05342430
0.05404620
0.05440090
0.05281680
0.05307790
0.05401230
0.04742080
0.04990080
0.05091320
0.05212350
0.04942710
0.05121240
0.04627250
0.04862230
0.05050990
0.05137150
0.05119290
0.05469550
0.05265220
0.05275340
0.05075020
0.05188410
0.05059330
0.05033190
0.04920150
0.04899950
0.04523690
0.05130670
0.04977080
0.04633500
0.04726360
0.04668030
0.04947910
0.05084510
0.04973070
0.04956510
0.05048440
0.04969730
0.06275690
0.05211190
0.04658580
0.04532180
0.04697170
0.04983830
0.04960830
0.04814180
0.05022400
0.05220520
0.05060220
0.04655380
0.05004410
0.05033110
0.05328260
0.05393510
0.04725680
0.04610130
0.04978500
0.04871400
0.04627910
0.05859520
0.04128120
0.03617680
0.04337230
0.03486540
0.03883150
0.04332730
0.04651410
0.00000000
0.00000000
0.00000000
0.00000000
0.01446320
0.05628000
0.05677740
0.05617500
0.05661580
0.06348230
0.06111110
0.05662160
0.05603180
0.05379180
0.04551230
0.05111490
0.04341030
0.04668130
0.05217700
0.05223320
0.05185170
0.04464290
0.04531800
0.05000720
0.04617340
0.05547560
0.05249050
0.05196020
0.05272940
0.03540740
0.04754280
0.05257390
0.05161810
0.05499230
0.05545500
0.05599930
0.05331870
0.04885320
0.05319340
0.05406570
0.05289850
0.05442550
0.05166780
0.05328770
0.05285560
0.04932770
0.05138010
0.05254170
0.00000000
0.00000000
0.00000000
0.00000000
0.01517460
0.05038490
0.04974180
0.05066750
0.05054640
0.05004800
0.04978190
0.04940850
0.04826310
0.04826580
0.04931780
0.04994080
0.00000000
0.00000000
0.00000000
0.00000000
0.01464830
0.04914020
0.04985940
0.04980050
0.04987570
0.05064510
0.05032790
0.05024920
0.04941260
0.04942660
0.04945640
0.04941450
0.04749110
0.04860600
0.04719720
0.04915860
0.04772870
0.04630990
0.04777150
