0.01505140
0.05715640
0.05726550
0.05800300
0.05758710
0.05749490
0.05765400
0.05762430
0.05761230
0.05795190
0.05794250
0.05737770
0.05780260
0.05753220
0.05720010
0.05957290
0.05851050
0.05714510
0.05784360
0.05506300
0.05596310
0.05460590
0.05634520
0.00000000
0.00000000
0.00000000
0.00000000
0.01405790
0.05521190
0.05505580
0.05601260
0.05654590
0.05516140
0.05509920
0.05474230
0.05519300
0.05620730
0.05529960
0.05564140
0.05569530
0.05523830
0.05554010
0.05501490
0.05570990
0.05528260
0.05471580
0.05439800
0.05450230
0.05520080
0.05475250
0.05542130
0.05521270
0.05547840
0.05670190
0.05576050
0.05349290
0.05651110
0.05482590
0.05421730
0.05487340
0.04812730
0.05139210
0.05337490
0.05415640
0.05106890
0.04772440
0.05323470
0.04432970
0.04371120
0.04631600
0.04726330
0.04547380
0.05359770
0.05188770
0.05014400
0.05035600
0.05412300
0.05049940
0.05211690
0.04610830
0.05284820
0.05222850
0.05450860
0.05339900
0.05425330
0.05391690
0.04934690
0.05064920
0.05056680
0.04976510
0.05239460
0.05594250
0.05540220
0.05480040
0.05453470
0.05479180
0.05598760
0.05427530
0.04586250
0.05455710
0.05413830
0.05295690
0.05026390
0.04817810
0.04831070
0.05085900
0.05283090
0.05294810
0.04892760
0.05380870
0.05449130
0.05278100
0.05146850
0.05012390
0.05031120
0.04759280
0.05401930
0.05467880
0.05503660
0.05372520
0.05357530
0.05438090
0.05321710
0.05239330
0.05217290
0.05524480
0.05448310
0.05417090
0.05585950
0.05224710
0.04933620
0.05457550
0.05549680
0.05216190
0.05006280
0.05126610
0.05226110
0.05167470
0.04741800
0.05047240
0.04461580
0.05352440
0.05148160
0.05091500
0.05249190
0.05234900
0.05523470
0.05479570
0.05484580
0.05523780
0.05508310
0.05445150
0.04942350
0.05455350
0.05297540
0.05197860
0.05481110
0.05401290
0.05459640
0.05554100
0.00000000
0.00000000
0.00000000
0.00000000
0.01451070
0.06264700
0.06408380
0.06463920
0.06356650
0.06357240
0.06305740
0.06485700
0.06410630
0.06313560
0.06307510
0.06311720
0.06365180
0.06347930
0.06330020
0.06374580
0.06280330
0.06346130
0.06330500
0.06302650
0.06392650
0.06367300
0.06348330
0.06375650
0.06393650
0.06110270
0.05756500
0.06220580
0.06367640
0.06324550
0.06273420
0.06183660
0.06405310
0.06417410
0.06240000
0.06214770
0.05843510
