0.01451390
0.05280350
0.05338420
0.05285600
0.05293440
0.05323790
0.05300730
0.05283120
0.05254860
0.05304700
0.05303900
0.05405530
0.05288400
0.05332530
0.05288020
0.05322990
0.05410520
0.05381850
0.05359890
0.05231090
0.05291820
0.05424100
0.05409600
0.05409380
0.05323150
0.05398580
0.05295490
0.05045890
0.05183280
0.05190260
0.05236800
0.05062600
0.05140700
0.04873960
0.04876310
0.04667450
0.05386670
0.05207610
0.05260180
0.05322870
0.05266460
0.05325180
0.05231620
0.05336020
0.05263230
0.05362750
0.05381720
0.06650240
0.05464640
0.05239810
0.05301370
0.05337050
0.05318000
0.05279230
0.05220890
0.05223470
0.05151440
0.05189330
0.05286930
0.05453280
0.05136790
0.05421680
0.05400070
0.05282210
0.05204920
0.05219030
0.05279470
0.04963960
0.05214190
0.05200930
0.05091960
0.04912510
0.04593880
0.04901430
0.05294310
0.05418620
0.05425110
0.05039360
0.05260050
0.05067290
0.05273010
0.05192540
0.05242490
0.05279770
0.05285330
0.05294040
0.00000000
0.00000000
0.00000000
0.00000000
0.01417450
0.04747850
0.04732090
0.04780030
0.04691980
0.04704620
0.04693380
0.04707100
0.04733170
0.05033200
0.04863200
0.04821960
0.04750330
0.04770720
0.04933770
0.04922580
0.04798860
0.04782670
0.04853800
0.04679790
0.04668930
0.04740700
0.04607620
0.04549980
0.04741950
0.04775920
0.04679030
0.04737680
0.04730570
0.04735640
0.00000000
0.00000000
0.00000000
0.00000000
0.01444320
0.04758710
0.04720200
0.04718450
0.04745290
0.04777520
0.04776640
0.04724950
0.04741460
0.04780670
0.04785160
0.04727520
0.04708170
0.04718380
0.04701000
0.04577610
0.04721460
0.04724350
0.04715630
0.04740490
0.04794140
0.04801570
0.04880440
0.04698310
0.04844880
0.04885950
0.04748130
0.04716730
0.04708380
0.04725110
0.04742100
0.04710820
0.04717590
0.04717200
0.04684090
0.04725570
0.04724000
0.04715860
0.04767860
0.04730620
0.04707250
0.04720150
0.00000000
0.00000000
0.00000000
0.00000000
0.01411910
0.04697370
0.04708480
0.04682640
0.04777970
0.04701710
0.04744160
0.04713610
0.04856360
0.04754330
0.04736090
0.04689590
0.04684180
0.04641790
0.04655100
0.04631590
0.04729820
0.04660020
0.04702840
0.04759360
0.04732170
0.04793380
0.04711300
0.04822900
0.04788840
0.04680610
0.00000000
0.00000000
0.00000000
0.00000000
0.01409430
0.04744130
0.04785900
0.04759560
0.04730360
0.04800320
0.04766810
0.04831970
0.04712120
0.04735510
0.04707730
0.04675920
0.04666600
0.04706670
0.04668700
0.04675120
0.04638310
0.04666600
0.04687570
0.04689660
0.04698820
0.04704480
0.04704890
0.04672820
0.05082250
0.04652050
0.04694630
0.04709810
0.04689190
0.04660050
0.04700930
0.04714780
0.04748350
0.04737880
0.04942490
0.00000000
0.00000000
0.00000000
0.00000000
0.01401860
0.04851740
0.04901530
0.04741170
0.04844800
0.04785240
0.04710680
0.04735280
0.04692480
0.04705430
0.04677730
0.04707400
0.04723640
0.04678670
0.04858380
0.04731180
0.04696690
0.04697350
0.04663980
0.04696590
0.04689680
0.04718460
0.04722490
0.04680900
0.04763710
0.04670040
0.04689370
0.04673150
0.04650020
0.04670540
0.04659150
0.04660520
0.04664420
0.04628880
0.04656990
0.04636110
0.04633280
0.04635190
0.04633910
0.04700090
0.00000000
0.00000000
0.00000000
0.00000000
0.01381700
0.04999150
0.05018480
0.04891580
0.05004080
0.05072310
0.04895460
0.04911950
0.04822150
0.04795450
0.04837530
0.04811740
0.04928110
0.04792750
0.04895850
0.04833440
0.04837620
0.04808920
0.04825340
0.04859030
0.04877580
0.04814270
0.04800660
0.04922180
0.04860600
0.04837240
0.04843490
0.05164720
0.04827250
0.04830580
0.04772470
0.04912350
0.04712440
0.04772210
0.04799260
0.04838930
0.00000000
0.00000000
0.00000000
0.00000000
0.01428940
0.04881430
0.04751380
0.04867520
0.04938360
0.04833880
0.04800760
0.04887770
0.05035880
0.04880230
0.04754620
0.04690960
0.04695290
0.04635060
0.04724690
0.04741270
0.04670380
0.04783970
0.04675880
0.04673660
0.04686430
0.04636160
0.04672680
0.04802690
0.05013000
0.04763400
0.04701300
0.04411960
0.04679860
0.04458040
0.04605260
0.04744510
0.04679160
0.04754620
0.04712370
0.04653730
0.04737930
0.04678450
0.04653110
0.04696080
0.04768970
0.04694310
0.04611890
0.04696280
0.05168140
0.04701470
0.04702630
0.04644080
0.04943940
0.04809020
0.00000000
0.00000000
0.00000000
0.00000000
0.01417490
0.04858170
0.04775190
0.04754820
0.04832460
0.04806990
0.04801110
0.04841460
0.04774630
0.04766810
0.04748730
0.04808130
0.04759920
0.04746300
0.04928360
0.04873540
0.04831640
0.04769560
0.04763690
0.04793720
0.04772480
0.04807130
0.04794010
0.04776880
0.04787080
0.04655800
0.04595830
0.04355860
0.04607480
0.04467400
0.04872950
0.04864300
0.04814660
0.04795740
0.04892040
0.04990740
0.04808890
0.04774600
0.04912010
0.04896160
0.04749580
0.04789540
0.04790290
0.04676900
0.04616760
0.04750190
0.00000000
0.00000000
0.00000000
0.00000000
0.01400830
0.04937360
0.04939940
0.04928730
0.04869230
0.04947710
0.04989350
0.04912130
0.04925240
0.04902860
0.04894090
0.04865380
0.04869600
0.04896220
0.04885380
0.04833920
0.04859660
0.04975090
0.04922360
0.04864380
0.04834920
0.04864880
0.04858070
0.04881150
0.04608800
0.04724910
0.04871980
0.04907180
0.04994660
0.04928040
0.04898630
0.04899680
0.04957690
0.04886050
0.04861150
0.04863720
0.04707460
0.00000000
0.00000000
0.00000000
0.00000000
0.01397360
0.04874990
0.04894060
0.04848340
0.04853030
0.04920170
0.04904560
0.04929550
0.04821880
0.04796820
0.04791460
0.04807480
0.04800540
0.04791680
0.04850120
0.04795460
0.04823150
0.04850940
0.04814350
0.04848580
0.04796910
0.04808040
0.04789910
0.04762670
0.04784540
0.04817720
0.04481170
0.04695140
0.04812470
0.00000000
0.00000000
0.00000000
0.00000000
0.01360640
0.04787290
0.04998700
0.04940830
0.04868110
0.04908270
0.04882570
0.04974100
0.04826940
0.04792120
0.04781510
0.04744460
0.04763900
0.04759320
0.04768650
0.04808590
0.04794890
0.04777750
0.04908520
0.04835430
0.04794130
0.04877640
0.04802900
0.04802500
0.04751630
0.04778320
0.04774850
0.04780410
0.04778060
0.04809610
0.04737240
0.04814190
0.04809600
0.04782680
0.04834230
0.04803540
0.04791520
0.04783620
0.04814940
0.04861550
0.04833870
0.04771450
0.04850380
0.04860020
0.04922010
0.04847940
0.05070220
0.04899020
0.04858320
0.04800240
0.04805360
0.04782520
0.04769720
0.04839350
0.04766660
0.04841030
0.04765320
0.04845730
0.04803210
0.04777320
0.04836610
0.00000000
0.00000000
0.00000000
0.00000000
0.01407490
0.04726580
0.04713280
0.04739940
0.04754140
0.04755150
0.04699330
0.04806130
0.04699660
0.04697170
0.04707980
0.04806720
0.04839160
0.04776490
0.04735040
0.04715000
0.04737310
0.04736590
0.04707160
0.04690790
0.04749910
0.04711220
0.04817170
0.04842770
0.04762780
0.04695880
0.04924570
0.04873850
0.04731470
0.04689130
0.04748580
0.04810360
0.04776600
0.04744090
0.04728000
0.04776330
0.04787880
0.04692260
0.04690520
0.04737900
0.04686580
0.04689010
0.04795210
0.04658950
0.04721260
0.04681590
0.04729630
0.04698430
0.04725630
0.00000000
0.00000000
0.00000000
0.00000000
0.01399750
0.04842260
0.04863040
0.04822460
0.04794940
0.04812030
0.04812110
0.04833830
0.04824770
0.04829040
0.04856740
0.04803190
0.04795800
0.04942730
0.04985510
0.04949350
0.04893030
0.04986880
0.04955920
0.04895320
0.04853470
0.04839480
0.04857310
0.04882750
0.04818910
0.04950990
0.04827480
0.04785620
0.04736990
0.04837270
0.04812810
0.04823470
0.04786850
0.04800530
0.04799550
0.04788340
0.04800680
0.04698850
0.04767480
0.04851060
0.00000000
0.00000000
0.00000000
0.00000000
0.01433930
0.04976840
0.04961820
0.04872510
0.04851100
0.04865400
0.04838320
0.04925170
0.04858910
0.04857650
0.04841100
0.04851100
0.04889750
0.04903650
0.05047150
0.05071320
0.04857290
0.04869920
0.05500480
0.05110480
0.04922430
0.04880840
0.04912690
0.04829170
0.04868050
0.04881310
0.04878890
0.04853280
0.04896080
0.04913250
0.04825020
0.04752660
0.04862580
0.04849560
0.04762160
0.04644670
0.04869080
0.04956520
0.04849570
0.04862650
0.04834830
0.04917530
0.00000000
0.00000000
0.00000000
0.00000000
0.01400370
0.04998470
0.04987490
0.04974250
0.05004370
0.05002670
0.04956280
0.05058200
0.05015250
0.05050970
0.05014370
0.05118360
0.05097860
0.05147640
0.05041630
0.05094470
0.05118440
0.05018920
0.04900400
0.04884970
0.04850490
0.04893440
