1
97.74,58.36,149.00,145.00
99.83,57.42,149.00,145.00
98.68,60.15,149.00,145.00
101.70,56.94,149.00,145.00
102.00,51.87,149.00,145.00
100.40,56.78,149.00,145.00
102.75,59.49,149.00,145.00
103.76,62.99,149.00,145.00
103.82,69.24,149.00,145.00
112.71,65.29,149.00,145.00
115.45,69.47,149.00,145.00
135.91,79.52,149.00,145.00
142.15,89.63,149.00,145.00
165.39,106.54,149.00,145.00
183.38,123.99,149.00,145.00
189.13,138.37,149.00,145.00
221.05,143.73,149.00,145.00
203.58,148.47,149.00,145.00
216.89,145.82,149.00,145.00
222.03,140.43,149.00,145.00
204.39,144.45,149.00,145.00
170.23,123.65,149.00,145.00
200.89,145.06,149.00,145.00
213.10,141.01,149.00,145.00
235.64,136.71,149.00,145.00
211.90,136.43,149.00,145.00
221.64,134.12,149.00,145.00
221.33,121.51,149.00,145.00
219.44,97.98,149.00,145.00
249.31,97.66,149.00,145.00
273.51,81.62,149.00,145.00
270.14,87.91,149.00,145.00
2
0
0
0
0
1
178.68,128.24,88.00,89.00
178.02,128.58,88.00,89.00
178.16,129.81,88.00,89.00
177.76,127.16,88.00,89.00
176.73,123.75,88.00,89.00
174.60,119.31,88.00,89.00
175.02,116.28,88.00,89.00
176.48,112.75,88.00,89.00
175.57,119.58,88.00,89.00
174.63,116.46,88.00,89.00
170.96,119.97,88.00,89.00
170.27,118.64,88.00,89.00
174.84,116.92,88.00,89.00
176.92,115.22,88.00,89.00
185.76,125.84,88.00,89.00
180.43,134.51,88.00,89.00
2
0
0
0
0
1
256.00,233.26,76.00,73.00
255.32,233.65,76.00,73.00
255.05,234.15,76.00,73.00
254.92,234.03,76.00,73.00
257.59,235.13,76.00,73.00
257.28,233.21,76.00,73.00
261.92,230.21,76.00,73.00
262.99,227.69,76.00,73.00
262.97,227.41,76.00,73.00
263.40,227.51,76.00,73.00
2
0
0
0
0
1
337.98,16.57,154.00,153.00
338.81,17.23,154.00,153.00
339.63,15.55,154.00,153.00
342.76,16.34,154.00,153.00
341.58,15.78,154.00,153.00
343.51,17.44,154.00,153.00
346.48,23.72,154.00,153.00
350.35,27.31,154.00,153.00
352.62,30.67,154.00,153.00
352.58,30.43,154.00,153.00
342.69,33.57,154.00,153.00
351.68,43.15,154.00,153.00
348.35,44.06,154.00,153.00
333.55,32.33,154.00,153.00
322.58,30.84,154.00,153.00
317.82,38.89,154.00,153.00
303.27,37.23,154.00,153.00
293.76,45.23,154.00,153.00
289.29,50.66,154.00,153.00
272.18,64.75,154.00,153.00
259.39,58.43,154.00,153.00
237.01,58.59,154.00,153.00
223.13,68.77,154.00,153.00
223.23,77.98,154.00,153.00
196.05,85.45,154.00,153.00
176.43,77.99,154.00,153.00
164.81,67.97,154.00,153.00
156.22,65.58,154.00,153.00
148.57,60.92,154.00,153.00
132.29,50.76,154.00,153.00
133.86,53.90,154.00,153.00
126.27,54.97,154.00,153.00
122.45,50.19,154.00,153.00
115.17,55.70,154.00,153.00
112.03,58.06,154.00,153.00
103.81,53.36,154.00,153.00
100.36,58.84,154.00,153.00
98.09,53.20,154.00,153.00
95.00,59.83,154.00,153.00
81.94,60.70,154.00,153.00
76.97,66.94,154.00,153.00
65.55,76.53,154.00,153.00
52.56,89.97,154.00,153.00
48.18,87.73,154.00,153.00
46.78,94.95,154.00,153.00
49.98,86.22,154.00,153.00
56.80,75.88,154.00,153.00
50.27,86.92,154.00,153.00
39.11,97.58,154.00,153.00
39.79,90.52,154.00,153.00
34.72,76.91,154.00,153.00
40.23,74.13,154.00,153.00
43.08,68.16,154.00,153.00
55.72,73.76,154.00,153.00
41.89,62.85,154.00,153.00
49.65,53.73,154.00,153.00
53.02,43.45,154.00,153.00
55.63,30.52,154.00,153.00
52.18,27.08,154.00,153.00
50.60,38.25,154.00,153.00
59.78,34.50,154.00,153.00
64.33,21.48,154.00,153.00
70.25,10.13,154.00,153.00
69.77,11.68,154.00,153.00
58.02,28.55,154.00,153.00
62.44,29.53,154.00,153.00
103.04,42.57,154.00,153.00
114.82,24.32,154.00,153.00
133.36,13.97,154.00,153.00
133.73,10.42,154.00,153.00
146.19,5.05,154.00,153.00
163.07,5.69,154.00,153.00
177.97,-0.08,154.00,153.00
2
0
0
0
0
1
209.35,172.80,70.00,68.00
209.79,171.72,70.00,68.00
210.00,170.46,70.00,68.00
211.73,168.79,70.00,68.00
213.08,166.14,70.00,68.00
213.97,165.09,70.00,68.00
218.47,163.93,70.00,68.00
221.19,163.29,70.00,68.00
