0.01457120
0.07823540
0.07910060
0.08351430
0.07877770
0.07999000
0.07847360
0.07703860
0.07749770
0.07598620
0.08035680
0.07933310
0.07307220
0.07837540
0.07755770
0.07878770
0.07872140
0.07399260
0.07413580
0.07428780
0.07599890
0.07652070
0.06589490
0.07351610
0.06712080
0.07180620
0.07504140
0.07933900
0.07567970
0.07553720
0.07277450
0.07527190
0.07578870
0.07721550
0.00000000
0.00000000
0.00000000
0.00000000
0.01488600
0.05802270
0.05888150
0.05932930
0.06016830
0.05943330
0.05862240
0.05836890
0.05868360
0.05822370
0.05851650
0.05872560
0.05805290
0.05868120
0.05785170
0.05859170
0.05841350
0.06340710
0.00000000
0.00000000
0.00000000
0.00000000
0.01511240
0.05683620
0.05604210
0.05546060
0.05508600
0.05527030
0.05551400
0.05512890
0.05572080
0.05466610
0.05469270
0.05465170
0.00000000
0.00000000
0.00000000
0.00000000
0.01498900
0.08149200
0.08311170
0.08286130
0.08072520
0.08178490
0.08350250
0.08165570
0.07918070
0.08223390
0.08165730
0.07916210
0.07874590
0.08318750
0.08298180
0.08212610
0.08170670
0.08116450
0.07947940
0.08133870
0.08354680
0.08043250
0.08302010
0.08178010
0.08065210
0.08216510
0.08404890
0.07831710
0.07426240
0.08051320
0.08092370
0.08455170
0.08309230
0.08211020
0.08186380
0.08140150
0.08236900
0.08167180
0.08141650
0.07741980
0.08075030
0.08398300
0.08174970
0.07505580
0.07759480
0.08263880
0.07992980
0.07784210
0.07536280
0.08181070
0.08091040
0.08010220
0.07889480
0.08235480
0.07680910
0.08312720
0.08147540
0.07577060
0.07933880
0.07273400
0.07658660
0.08028000
0.07740630
0.07831330
0.08067900
0.07109390
0.08156970
0.06910900
0.07453860
0.07900280
0.07845000
0.08115270
0.07636920
0.08193520
0.07959730
0.00000000
0.00000000
0.00000000
0.00000000
0.01458360
0.05406590
0.05466000
0.05443660
0.05412230
0.05471250
0.05460600
0.05428890
0.05538410
