1
324.47,162.49,47.00,67.00
324.49,162.52,47.00,67.00
324.50,162.52,47.00,67.00
324.49,162.56,47.00,67.00
324.49,162.60,47.00,67.00
324.36,162.52,47.00,67.00
324.40,162.50,47.00,67.00
324.24,162.46,47.00,67.00
324.03,162.32,47.00,67.00
324.08,162.22,47.00,67.00
324.00,162.13,47.00,67.00
323.89,162.30,47.00,67.00
323.65,162.46,47.00,67.00
323.45,162.63,47.00,67.00
323.63,162.08,47.00,67.00
323.42,162.02,47.00,67.00
322.93,162.37,47.00,67.00
322.34,162.57,47.00,67.00
322.17,162.12,47.00,67.00
321.53,162.03,47.00,67.00
320.96,161.95,47.00,67.00
320.58,162.06,47.00,67.00
320.29,161.96,47.00,67.00
320.12,161.03,47.00,67.00
320.40,160.68,47.00,67.00
320.28,159.76,47.00,67.00
320.60,159.49,47.00,67.00
320.30,159.13,47.00,67.00
320.85,159.17,47.00,67.00
321.04,158.95,47.00,67.00
321.27,158.65,47.00,67.00
321.55,158.36,47.00,67.00
321.37,157.40,47.00,67.00
321.29,157.01,47.00,67.00
321.64,157.16,47.00,67.00
321.26,157.15,47.00,67.00
320.57,156.55,47.00,67.00
320.10,155.78,47.00,67.00
319.70,155.89,47.00,67.00
319.34,155.71,47.00,67.00
319.54,155.80,47.00,67.00
320.93,155.47,47.00,67.00
321.00,155.13,47.00,67.00
321.48,154.13,47.00,67.00
321.60,153.53,47.00,67.00
321.25,153.58,47.00,67.00
321.27,153.38,47.00,67.00
320.95,152.70,47.00,67.00
321.71,152.94,47.00,67.00
322.10,153.18,47.00,67.00
322.05,153.30,47.00,67.00
322.18,152.82,47.00,67.00
321.24,151.37,47.00,67.00
322.20,151.65,47.00,67.00
323.48,152.20,47.00,67.00
324.17,152.07,47.00,67.00
324.16,151.14,47.00,67.00
324.58,150.75,47.00,67.00
325.50,151.46,47.00,67.00
325.36,151.12,47.00,67.00
326.70,152.39,47.00,67.00
326.85,152.30,47.00,67.00
325.79,152.24,47.00,67.00
325.08,152.87,47.00,67.00
325.07,151.93,47.00,67.00
325.36,152.94,47.00,67.00
324.42,152.87,47.00,67.00
323.95,151.65,47.00,67.00
323.47,151.26,47.00,67.00
323.06,149.94,47.00,67.00
323.07,148.78,47.00,67.00
322.25,149.78,47.00,67.00
322.95,149.61,47.00,67.00
320.88,147.90,47.00,67.00
320.18,148.34,47.00,67.00
320.32,148.60,47.00,67.00
321.18,148.71,47.00,67.00
320.32,149.31,47.00,67.00
319.56,150.41,47.00,67.00
321.91,150.41,47.00,67.00
321.44,151.92,47.00,67.00
319.98,151.58,47.00,67.00
319.46,150.14,47.00,67.00
320.50,151.22,47.00,67.00
320.56,150.31,47.00,67.00
320.59,149.71,47.00,67.00
319.29,149.89,47.00,67.00
317.28,148.92,47.00,67.00
317.85,149.57,47.00,67.00
318.62,149.07,47.00,67.00
318.23,148.79,47.00,67.00
317.25,149.01,47.00,67.00
317.79,149.13,47.00,67.00
317.16,149.13,47.00,67.00
317.93,148.88,47.00,67.00
319.39,148.48,47.00,67.00
320.08,148.00,47.00,67.00
318.72,148.19,47.00,67.00
318.67,147.94,47.00,67.00
318.23,148.69,47.00,67.00
319.11,148.27,47.00,67.00
320.55,147.37,47.00,67.00
320.34,146.37,47.00,67.00
322.82,145.76,47.00,67.00
322.30,145.07,47.00,67.00
322.80,143.98,47.00,67.00
322.81,143.85,47.00,67.00
322.77,145.19,47.00,67.00
322.80,144.57,47.00,67.00
322.33,145.30,47.00,67.00
322.45,145.53,47.00,67.00
321.93,145.35,47.00,67.00
323.20,145.61,47.00,67.00
323.50,145.43,47.00,67.00
322.48,145.49,47.00,67.00
323.17,145.60,47.00,67.00
323.26,146.19,47.00,67.00
324.45,146.41,47.00,67.00
323.80,146.47,47.00,67.00
324.13,147.11,47.00,67.00
322.06,147.17,47.00,67.00
322.71,145.44,47.00,67.00
321.82,145.96,47.00,67.00
318.93,146.74,47.00,67.00
2
0
0
0
0
1
373.19,158.32,33.00,84.00
373.18,158.31,33.00,84.00
373.14,158.35,33.00,84.00
373.10,158.33,33.00,84.00
373.06,158.33,33.00,84.00
373.11,158.39,33.00,84.00
373.00,158.41,33.00,84.00
373.08,158.38,33.00,84.00
372.91,158.30,33.00,84.00
372.83,158.38,33.00,84.00
372.92,158.52,33.00,84.00
372.75,158.47,33.00,84.00
372.67,158.76,33.00,84.00
373.02,158.61,33.00,84.00
373.05,158.65,33.00,84.00
372.71,158.62,33.00,84.00
372.58,158.88,33.00,84.00
372.81,159.48,33.00,84.00
372.75,159.54,33.00,84.00
372.90,159.82,33.00,84.00
372.70,159.27,33.00,84.00
371.94,158.48,33.00,84.00
2
0
0
0
0
1
409.55,162.12,32.00,87.00
409.54,162.11,32.00,87.00
409.56,162.06,32.00,87.00
409.57,162.05,32.00,87.00
409.66,162.03,32.00,87.00
409.76,161.93,32.00,87.00
409.64,161.76,32.00,87.00
409.52,161.60,32.00,87.00
409.52,161.65,32.00,87.00
409.46,161.48,32.00,87.00
409.41,161.23,32.00,87.00
2
0
0
0
0
1
456.34,156.29,32.00,87.00
456.34,156.28,32.00,87.00
456.43,156.26,32.00,87.00
456.42,156.34,32.00,87.00
456.32,156.35,32.00,87.00
456.22,156.18,32.00,87.00
456.21,156.11,32.00,87.00
456.18,155.95,32.00,87.00
456.29,155.82,32.00,87.00
456.47,155.72,32.00,87.00
456.55,156.09,32.00,87.00
456.68,156.11,32.00,87.00
456.54,156.18,32.00,87.00
456.56,156.30,32.00,87.00
456.61,156.40,32.00,87.00
456.43,156.49,32.00,87.00
455.85,156.45,32.00,87.00
455.79,156.68,32.00,87.00
455.07,156.74,32.00,87.00
454.53,156.53,32.00,87.00
453.80,157.11,32.00,87.00
453.24,157.51,32.00,87.00
452.50,157.78,32.00,87.00
451.83,158.19,32.00,87.00
451.65,158.36,32.00,87.00
451.35,159.26,32.00,87.00
450.96,159.74,32.00,87.00
450.44,159.72,32.00,87.00
449.89,159.98,32.00,87.00
449.59,160.24,32.00,87.00
448.15,160.62,32.00,87.00
447.69,160.66,32.00,87.00
446.47,162.02,32.00,87.00
446.15,163.63,32.00,87.00
444.94,163.51,32.00,87.00
444.06,163.59,32.00,87.00
444.06,162.09,32.00,87.00
443.63,162.24,32.00,87.00
442.88,163.03,32.00,87.00
441.97,163.14,32.00,87.00
441.27,162.92,32.00,87.00
439.75,162.22,32.00,87.00
439.70,162.36,32.00,87.00
439.83,162.14,32.00,87.00
440.11,161.49,32.00,87.00
439.77,161.85,32.00,87.00
438.56,160.65,32.00,87.00
438.87,161.59,32.00,87.00
439.40,161.65,32.00,87.00
438.50,161.46,32.00,87.00
438.63,162.36,32.00,87.00
439.26,161.91,32.00,87.00
439.01,161.08,32.00,87.00
439.53,159.70,32.00,87.00
438.38,159.56,32.00,87.00
438.15,159.90,32.00,87.00
438.24,161.21,32.00,87.00
437.39,162.55,32.00,87.00
438.21,163.11,32.00,87.00
438.46,163.83,32.00,87.00
2
0
0
0
0
1
508.37,132.11,29.00,74.00
508.36,132.11,29.00,74.00
508.36,132.08,29.00,74.00
508.41,132.02,29.00,74.00
508.46,131.98,29.00,74.00
508.49,132.04,29.00,74.00
508.27,132.05,29.00,74.00
508.17,132.15,29.00,74.00
508.12,132.18,29.00,74.00
507.87,132.24,29.00,74.00
507.95,132.63,29.00,74.00
507.88,132.66,29.00,74.00
507.74,132.89,29.00,74.00
507.35,132.85,29.00,74.00
507.35,132.93,29.00,74.00
507.29,132.74,29.00,74.00
507.44,133.07,29.00,74.00
507.57,133.33,29.00,74.00
507.42,133.06,29.00,74.00
507.83,133.05,29.00,74.00
507.61,132.91,29.00,74.00
507.53,132.97,29.00,74.00
507.88,132.84,29.00,74.00
508.71,132.89,29.00,74.00
508.84,132.98,29.00,74.00
508.58,132.64,29.00,74.00
507.78,132.57,29.00,74.00
507.83,131.98,29.00,74.00
507.16,131.36,29.00,74.00
507.39,131.19,29.00,74.00
506.95,131.35,29.00,74.00
506.60,131.04,29.00,74.00
507.02,130.84,29.00,74.00
506.25,130.26,29.00,74.00
507.53,129.80,29.00,74.00
508.00,130.01,29.00,74.00
508.56,130.04,29.00,74.00
508.03,129.45,29.00,74.00
509.91,129.92,29.00,74.00
510.53,129.90,29.00,74.00
510.13,129.47,29.00,74.00
511.46,128.88,29.00,74.00
511.02,129.39,29.00,74.00
513.39,129.47,29.00,74.00
512.55,130.15,29.00,74.00
512.56,131.13,29.00,74.00
512.09,130.56,29.00,74.00
511.77,129.99,29.00,74.00
513.71,130.85,29.00,74.00
513.54,130.17,29.00,74.00
515.21,129.27,29.00,74.00
515.87,128.29,29.00,74.00
516.19,128.36,29.00,74.00
515.26,128.62,29.00,74.00
513.85,128.14,29.00,74.00
513.20,128.20,29.00,74.00
2
0
0
0
0
1
461.31,88.13,37.00,69.00
461.31,88.12,37.00,69.00
461.35,88.10,37.00,69.00
461.35,88.15,37.00,69.00
461.33,88.13,37.00,69.00
461.27,88.15,37.00,69.00
461.20,88.17,37.00,69.00
461.13,88.13,37.00,69.00
461.34,88.18,37.00,69.00
461.24,88.06,37.00,69.00
461.25,87.93,37.00,69.00
461.21,87.63,37.00,69.00
461.01,87.45,37.00,69.00
460.88,87.19,37.00,69.00
460.67,87.23,37.00,69.00
460.65,87.04,37.00,69.00
459.96,87.13,37.00,69.00
459.72,87.22,37.00,69.00
459.45,87.97,37.00,69.00
459.26,87.92,37.00,69.00
458.62,88.15,37.00,69.00
458.09,88.04,37.00,69.00
457.90,88.98,37.00,69.00
2
0
0
0
0
1
410.37,93.75,34.00,64.00
410.37,93.76,34.00,64.00
410.36,93.71,34.00,64.00
410.33,93.73,34.00,64.00
410.38,93.74,34.00,64.00
410.45,93.81,34.00,64.00
410.48,93.82,34.00,64.00
410.59,93.91,34.00,64.00
410.62,93.84,34.00,64.00
410.44,93.66,34.00,64.00
410.66,93.81,34.00,64.00
410.92,93.77,34.00,64.00
410.88,93.63,34.00,64.00
2
0
0
0
