0.01437220
0.05183810
0.05196680
0.05164920
0.05194180
0.05165700
0.05265520
0.05127840
0.05115230
0.05181370
0.05169860
0.05132040
0.05100880
0.05170710
0.05324080
0.05188150
0.05167400
0.05116810
0.05143390
0.05155640
0.05123220
0.05141310
0.05143870
0.05350310
0.05215460
0.05129620
0.05183080
0.05117310
0.05162520
0.05091740
0.05139680
0.05130630
0.05002550
0.05132760
0.05121950
0.05120640
0.05144650
0.05213040
0.05167590
0.05139070
0.05144810
0.05130520
0.05144430
0.05151770
0.05128750
0.00000000
0.00000000
0.00000000
0.00000000
0.01463510
0.05102380
0.05114390
0.05257140
0.05267050
0.05150950
0.05109770
0.05112960
0.05121440
0.05139270
0.05148750
0.05092170
0.05163540
0.05253060
0.05162400
0.05088830
0.05138020
0.05130830
0.05117870
0.05156480
0.05106340
0.05091500
0.05133800
0.05093480
0.05162710
0.05113260
0.05102630
0.05142640
0.04955370
0.04729680
0.05100910
0.05178620
0.05160820
0.05120000
0.05143410
0.05088170
0.05132630
0.05153210
0.05234060
0.05147720
0.05097430
0.00000000
0.00000000
0.00000000
0.00000000
0.01519560
0.05060110
0.05127770
0.05089210
0.05084290
0.05057450
0.05157800
0.05168160
0.05089860
0.05062040
0.05056690
0.05050050
0.05033740
0.05063270
0.05063110
0.05029490
0.05046530
0.05058890
0.05010450
0.05084660
0.05075100
0.05027050
0.05026890
0.05124840
0.05074870
0.05081150
0.05036500
0.05035960
0.04987530
0.05046350
0.05054510
0.05081320
0.05183380
0.05087190
0.04777250
0.04819160
0.05081040
0.04859980
0.04710120
0.04655740
0.05044510
0.04543860
0.00000000
0.00000000
0.00000000
0.00000000
0.01506190
0.05323160
0.05139090
0.05159700
0.05311830
0.05194250
0.05175280
0.05159050
0.05216000
0.05159000
0.05165130
0.05116560
0.05188770
0.05143890
0.05145380
0.05141770
0.05116180
0.05135360
0.05158940
0.05121730
0.05105380
0.05157870
0.05140380
0.05155070
0.05207490
0.05260650
0.05277080
0.05197230
0.05141880
0.05176820
0.05113460
0.05135290
0.05023970
0.05102990
0.05192810
0.05307270
0.05138240
0.05093420
0.05088160
0.05066270
0.05134600
0.05015900
0.05085320
0.05014550
0.04886530
0.05121630
0.00000000
0.00000000
0.00000000
0.00000000
0.01498640
0.05150240
0.05217950
0.05179870
0.05137710
0.05122780
0.05083990
0.05180200
0.05087510
0.05044290
0.05068700
0.05109420
0.05092080
0.05144190
0.05198750
0.05096680
0.05075780
0.05074790
0.05075200
0.05107430
0.05075360
0.00000000
0.00000000
0.00000000
0.00000000
0.01485010
0.05054880
0.05168220
0.05159420
0.05043120
0.05003500
0.04980800
0.05258150
0.05132240
0.05055330
0.05024940
0.04971140
0.05032730
0.04977460
0.05008230
0.04969020
0.04971200
0.04997650
0.04971200
0.05011730
0.04999290
0.05004670
0.00000000
0.00000000
0.00000000
0.00000000
0.01482970
0.04994670
0.04997190
0.05034380
0.05015770
0.05038620
0.05132010
0.05138560
0.04991070
0.00000000
0.00000000
0.00000000
0.00000000
0.01477810
0.05058240
0.05008410
0.05034100
0.05032920
0.05006820
0.05047940
0.05088710
0.05136130
0.05177730
0.05132490
0.05028510
0.05055180
0.05022120
0.05021290
0.05019780
0.05034680
0.05053220
0.05067080
0.05038940
0.05051740
0.05089800
0.05036560
0.05067280
0.05067930
0.04983100
0.04968920
0.05085220
0.05095690
0.04936400
0.05013170
0.00000000
0.00000000
0.00000000
0.00000000
0.01487480
0.05068710
0.05208930
0.05099980
0.05119120
0.05002090
0.05032620
0.05008180
0.05054620
0.05106890
0.05156650
0.05268070
0.05307710
0.05068570
0.05070940
0.05059370
0.05030920
0.05039960
0.05019150
0.04937460
0.04986520
0.05005060
0.04999440
0.04995110
0.05064880
0.04984780
0.05020700
0.05021260
0.00000000
0.00000000
0.00000000
0.00000000
0.01499590
0.05109310
0.05122000
0.05128940
0.05056260
0.05082360
0.05057570
0.05047040
0.05071590
0.05197550
0.05058020
0.05034230
0.04988410
0.05151500
0.05086850
0.05092190
0.05104750
0.05086960
0.05171970
0.00000000
0.00000000
0.00000000
0.00000000
0.01563920
0.05164860
0.05108650
0.05053840
0.05082350
0.05081140
