0.01458280
0.05547910
0.05482230
0.05485540
0.05585500
0.05540180
0.05489060
0.05441130
0.05426210
0.05542940
0.05447770
0.05442210
0.05448290
0.05581550
0.05545450
0.05464840
0.05448720
0.05478180
0.05510410
0.05484580
0.05507000
0.05312860
0.05468640
0.05441310
0.05428280
0.05387430
0.05619010
0.05484580
0.05485400
0.05243090
0.05460300
0.05465950
0.05237150
0.05304000
0.05245470
0.05431120
0.05287580
0.05425850
0.05369230
0.05313170
0.05455090
0.05486420
0.05318840
0.05341730
0.05412560
0.05440050
0.05432740
0.05362480
0.05562460
0.05590120
0.05385120
0.05436460
0.05465990
0.05491850
0.05412850
0.05461240
0.05420090
0.05402920
0.05443820
0.05467810
0.05442070
0.05423940
0.05495570
0.05425790
0.05462950
0.05250070
0.05317360
0.05503210
0.05412490
0.05472200
0.05494990
0.05313550
0.05427880
0.05429650
0.00000000
0.00000000
0.00000000
0.00000000
0.01477160
0.06016140
0.06064920
0.05966660
0.05775250
0.05837250
0.05845760
0.05838370
0.05862390
0.06008640
0.06071280
0.05912700
0.05878870
0.05838520
0.05842650
0.05804850
0.05816260
0.05883340
0.05811120
0.05839070
0.05857360
0.05856500
0.05737950
0.05893980
0.05893720
0.05736430
0.05549830
0.05561610
0.05827550
0.05856880
0.05907940
0.05504050
0.04985800
0.05758760
0.05983550
0.05872660
0.05877740
0.05601930
0.05607400
0.05786530
0.00000000
0.00000000
0.00000000
0.00000000
0.01468700
0.05571100
0.05617150
0.05645170
0.05889610
0.05549010
0.05581620
0.05624480
0.05569170
0.05570960
0.05562880
0.05611670
0.05557380
0.05557490
0.05590140
0.05575790
0.05596420
0.05586450
0.05557240
0.05593480
0.05555010
0.05608630
0.05599990
0.05587210
0.05591420
0.05553090
0.05317670
0.05478320
0.05581820
0.05485090
0.05706060
0.05690750
0.05590610
0.05640490
0.05537960
0.05536750
0.05621750
0.05603190
0.05724830
0.05701840
0.05865180
0.05538290
0.05587140
0.05713890
0.05591930
0.05612890
0.05641750
0.05584950
0.05621260
0.05578060
0.05642650
0.05447090
0.05577830
0.05604420
0.05613350
0.05596400
0.05825760
0.05546340
0.05578150
0.05649890
0.05599590
0.05581340
0.05563160
0.05651740
0.05857100
0.05675080
0.05644140
0.05686470
0.05587910
0.05581690
0.05627690
0.05596760
0.05612470
0.05803250
0.05680770
0.05644240
0.05658050
0.05523240
0.05626160
0.05606640
0.05572170
0.05617570
0.05598410
0.05596040
0.05599420
0.05212350
0.00000000
0.00000000
0.00000000
0.00000000
0.01440980
0.05310650
0.05304440
0.05302270
0.05349060
0.05292140
0.05306330
0.05277030
0.05317740
0.05405710
0.05321910
0.05323410
0.05331000
0.05398140
0.05457520
0.05361540
0.05292460
0.05306360
0.05314240
0.05307500
0.05311230
0.05312720
0.05341510
0.05457210
0.05377710
0.05358370
0.05278400
0.05309480
0.05394200
0.05346240
0.05333380
0.05329290
0.05314980
0.05310670
0.05315170
0.05323810
0.00000000
0.00000000
0.00000000
0.00000000
0.01431180
0.05297050
0.05308010
0.05390630
0.05419760
0.05412070
0.05367070
0.05305910
0.05392890
0.05309150
0.05318080
0.05326240
0.05299690
0.05312110
0.05459490
0.05434610
0.05335270
0.05338530
0.05301830
0.05382170
0.05341220
0.05325430
0.05427090
0.05472580
0.05519660
0.05380440
0.05334820
0.05325820
0.05368780
0.05216120
0.05183410
0.05315870
0.05358760
0.05353110
0.05473330
0.05347770
0.05303110
0.05183920
0.05326990
0.05388810
0.05320930
0.05336960
0.05351230
0.05299440
0.05329550
0.05329590
0.05325940
0.05321080
0.05374110
0.05353240
0.05482140
0.05404220
0.05401970
0.05325310
0.05369420
0.05307490
0.05317610
0.05331210
0.05410410
0.05517650
0.05401840
0.05366330
0.05439270
0.05357660
0.05334170
0.05455030
0.05399610
0.05360810
0.05279390
0.00000000
0.00000000
0.00000000
0.00000000
0.01464090
0.05625940
0.05633090
0.05674580
0.05716590
0.05657120
0.05661720
0.05635780
0.05662170
0.05623560
0.05673080
0.05666740
0.05786390
0.05658170
0.05664560
0.05639320
0.05788340
0.05770630
0.05555320
0.05697150
0.05681420
0.05631040
0.05677590
0.05596890
0.05773100
0.05839050
0.05691530
0.05491170
0.05579260
0.05649780
0.05689980
0.05657920
0.05643980
0.05625180
0.05691610
0.05656890
0.05682460
0.05650070
0.05663170
0.05661540
0.05636610
0.05690700
0.05632450
0.05707100
0.05687520
0.05645550
0.05642460
0.05185040
0.05316020
0.05048850
0.05725670
0.05558140
0.00000000
0.00000000
0.00000000
0.00000000
0.01464200
0.05497930
0.05412010
0.05373070
0.05364130
0.05389740
0.05458240
0.05466090
0.05587750
0.05545580
0.05393390
0.05370510
0.05374710
0.05493190
0.05367060
0.05410710
0.05461010
0.05473560
0.05429940
0.05428200
0.05477790
0.05436780
0.05393010
0.05438800
0.05403320
0.05384450
0.05230840
0.05106820
0.04808820
0.05340120
0.05365470
0.05465960
0.05363560
0.05422680
0.05482240
0.05267200
0.05562630
0.05443100
0.05261360
0.05442960
0.05344260
0.05135430
0.05314200
0.05328970
0.05460140
0.05343650
0.05467930
0.05418480
0.05435330
0.05447070
0.05450460
0.05390440
0.05038420
0.05298390
0.05427680
0.05410740
0.05484950
0.05397600
0.05086150
0.05368960
0.05402050
0.05439730
0.00000000
0.00000000
0.00000000
0.00000000
0.01460310
0.05438500
0.05439670
0.05488890
0.05499590
0.05497970
0.05522400
0.05479460
0.05557620
0.05627840
0.05589210
0.05525780
0.05460650
0.05487830
0.05525240
0.05506440
0.05480650
0.05568350
0.05619120
0.05512570
0.05495580
0.05483600
0.05524390
0.05497620
0.05560480
0.05512220
0.05476170
0.05529020
0.05577440
0.05528180
0.05445860
0.05527910
0.05530070
0.05419190
0.05634530
0.05489180
0.05472440
0.05492740
0.00000000
0.00000000
0.00000000
0.00000000
0.01423890
0.05541280
0.05567920
0.05477960
0.05498360
0.05463980
0.05640770
0.05641840
0.05591990
0.05478530
0.05504240
0.05490270
0.05451840
0.05501040
0.05556490
0.05524890
0.05554360
0.05529580
0.05460500
0.05542340
0.05497360
0.05368770
0.05504720
0.05474870
0.05363640
0.05476160
0.05484760
0.05464210
0.05470220
0.05488690
0.05493210
0.05423060
0.05354280
0.05227530
0.05506900
0.00000000
0.00000000
0.00000000
0.00000000
0.01457190
0.05334080
0.05405010
0.05349060
0.05649360
0.05332740
0.05410960
0.05472460
0.05348110
0.05367230
0.05298120
0.05355390
0.05286000
0.05318980
0.05308550
0.05294270
0.05441690
0.05711370
0.05432480
0.05379800
0.05279430
0.05358910
0.05334270
0.05331880
0.05336540
0.05354590
0.05320960
0.05347210
0.05319370
0.05425670
0.05375710
0.05432040
0.05354150
0.05343610
0.05384270
0.05379360
0.05247000
0.05118850
0.05342990
0.05321610
0.05377270
0.05328180
0.05497060
0.05454410
0.05438650
0.05310630
0.04928820
0.00000000
0.00000000
0.00000000
0.00000000
0.01427040
0.05430140
0.05428940
0.05443880
0.05396850
0.05459210
0.05604680
0.05484120
0.05394880
0.05393020
0.05467770
0.05392510
0.05492310
0.05378920
0.05565950
0.05420860
0.05465190
0.05465430
0.05536240
0.05503540
0.05510840
0.05517040
0.05425100
0.05466800
0.05444410
0.05433640
0.05361590
0.05360040
0.05368280
0.05401550
0.05373550
0.05564420
0.05597890
0.05474960
0.05457270
0.05386510
0.05356480
0.05453220
0.05465060
0.05471970
0.05465530
0.05575460
0.05545380
0.05361580
0.05341150
0.00000000
0.00000000
0.00000000
0.00000000
0.01463740
0.05710250
0.05678850
0.05693920
0.05642450
0.05663540
0.05580190
0.05600330
0.05575700
0.05612300
0.05586480
0.05657580
0.05602440
0.05563830
0.05590800
0.05558490
0.05526930
0.05593090
0.05599150
0.05608390
0.05568540
0.05583500
0.05768340
0.05697930
0.05642380
0.05598770
0.05632900
0.05629640
0.05643360
0.05591240
0.05674920
0.05778970
0.05734390
0.05840830
0.05628260
0.05545720
0.05392320
0.05402190
0.05140530
0.05436700
0.05432980
0.05631450
0.05565640
0.05575710
0.05344950
0.05579920
0.05478260
0.00000000
0.00000000
0.00000000
0.00000000
0.01748450
0.05355460
0.05318060
0.05341860
0.05349460
0.05290270
0.05357920
0.05368340
0.05358470
0.05293150
0.05477290
0.05466490
0.05421350
0.05354500
0.05418880
0.05443090
0.05328550
0.05339830
0.05392400
0.05503680
0.05551800
0.05185530
0.05378640
0.05366890
0.05359980
0.05361540
0.04991630
0.05392400
0.05292700
0.05378130
0.05390190
0.05412120
0.05330220
0.05421670
0.05364030
0.05391520
0.05369740
0.05395250
0.05370630
0.05333240
0.05379570
0.05386910
0.05346400
0.05373450
0.05362270
0.05386530
