0.01386670
0.04648250
0.04650780
0.04609240
0.04571480
0.04603930
0.04548510
0.04614930
0.04568650
0.04622080
0.04441040
0.04501060
0.04564290
0.04579040
0.04590610
0.04574210
0.04599030
0.04633410
0.04731250
0.04667630
0.04556450
0.04623200
0.04426380
0.00000000
0.00000000
0.00000000
0.00000000
0.01358770
0.04685640
0.04786540
0.04680880
0.04674550
0.04678190
0.04593550
0.04613900
0.04590040
0.04612640
0.04580010
0.04644590
0.04583850
0.04666860
0.04679100
0.04667350
0.04577710
0.04574050
0.04592990
0.04591480
0.04638890
0.04565030
0.04577040
0.04622240
0.04588000
0.04569790
0.04584880
0.04549210
0.04553810
0.04661450
0.04424950
0.04420120
0.04630940
0.04620510
0.04601410
0.04591830
0.04650340
0.04698890
0.04607330
0.04565090
0.04584790
0.00000000
0.00000000
0.00000000
0.00000000
0.01351410
0.04639550
0.04797880
0.04784950
0.04644340
0.04622620
0.04575850
0.04635900
0.04622960
0.04652980
0.04627160
0.04619880
0.04647810
0.04563720
0.04666250
0.04628840
0.04620380
0.04653580
0.04576770
0.04556710
0.04589200
0.04631010
0.04585980
0.04440550
0.04419480
0.04555090
0.04560070
0.04217890
0.04473240
0.04583880
0.04690130
0.04619370
0.04589480
0.04580050
0.04577530
0.04576910
0.04439990
0.04643110
0.04785720
0.04163620
0.04525410
0.00000000
0.00000000
0.00000000
0.00000000
0.01349440
0.04604350
0.04623380
0.04763910
0.04743510
0.04688320
0.04616480
0.04600080
0.04609100
0.04642630
0.04647600
0.05177810
0.04713070
0.04683290
0.04606820
0.04609420
0.04705310
0.04721910
0.05216440
0.00000000
0.00000000
0.00000000
0.00000000
0.01479370
0.04851420
0.04752250
0.04783140
0.04819540
0.05176250
0.04761770
0.05214700
0.04843550
0.05000010
0.04796540
0.05363070
0.04731830
0.04654880
0.04611490
0.04602360
0.04585720
0.04810090
0.04767210
0.04825630
0.04670370
0.04798480
0.04645990
0.04701410
0.04701670
0.04649280
0.04786230
0.04694010
0.04507940
0.04470570
0.04635540
0.04612070
0.04472450
0.04289410
0.04376510
0.04331890
0.04369520
0.04649170
0.04488650
0.04524200
0.04525590
0.00000000
0.00000000
0.00000000
0.00000000
0.01502980
0.04830100
0.04691740
0.04655840
0.04889200
0.04708000
0.04690100
0.04631140
0.04650960
0.04641970
0.04659380
0.04646140
0.04686210
0.04675440
0.04709070
0.04651470
0.04613780
0.04721970
0.04472200
0.04659890
0.04654870
0.04532900
0.04625770
0.04634890
0.04662180
0.04793510
0.00000000
0.00000000
0.00000000
0.00000000
0.01387810
0.04691370
0.04662560
0.04675980
0.04644330
0.04649030
0.04743160
0.04678990
0.04657820
0.04681040
0.04629850
0.04668150
0.04634810
0.04639360
0.04657880
0.04673550
0.04646880
0.04647170
0.04630490
0.04645280
0.04651690
0.04649930
0.04611280
0.04983940
0.04637950
0.04683060
0.04595340
0.04676040
0.04620310
0.04614770
0.04621980
0.04660040
0.04673350
0.04681310
0.04785100
0.04750720
0.04725240
0.04569740
0.04564570
0.04356340
0.00000000
0.00000000
0.00000000
0.00000000
0.01383690
0.04781270
0.04750130
0.04741960
0.04745750
0.04673530
0.04664760
0.04631290
0.04589180
0.04605470
0.04630310
0.04604160
0.04604680
0.04733460
0.04657970
0.04615510
0.04615070
0.04622950
0.04618650
0.04616320
0.04718090
0.04648110
0.04642770
