1
40.50,64.69,19.00,46.00
41.03,64.11,19.00,46.00
42.37,64.12,19.00,46.00
43.60,64.48,19.00,46.00
44.00,67.01,19.00,46.00
44.00,65.75,19.00,46.00
44.39,64.63,19.00,46.00
42.84,63.79,19.00,46.00
43.73,64.27,19.00,46.00
40.89,70.69,19.00,46.00
39.20,75.16,19.00,46.00
37.07,82.54,19.00,46.00
35.04,85.81,19.00,46.00
34.06,89.38,19.00,46.00
34.80,94.00,19.00,46.00
33.54,96.06,19.00,46.00
31.24,96.60,19.00,46.00
33.18,101.01,19.00,46.00
32.41,103.23,19.00,46.00
33.56,103.59,19.00,46.00
34.40,99.30,19.00,46.00
2
0
0
0
0
1
61.16,84.67,19.00,46.00
61.22,85.49,19.00,46.00
61.72,86.17,19.00,46.00
63.16,85.87,19.00,46.00
64.11,85.80,19.00,46.00
64.76,84.95,19.00,46.00
65.46,84.46,19.00,46.00
65.52,84.19,19.00,46.00
69.41,84.97,19.00,46.00
73.77,84.40,19.00,46.00
77.65,82.72,19.00,46.00
78.73,79.20,19.00,46.00
79.22,78.61,19.00,46.00
75.61,76.34,19.00,46.00
74.60,77.96,19.00,46.00
73.86,77.67,19.00,46.00
72.65,81.41,19.00,46.00
72.51,83.71,19.00,46.00
76.38,86.13,19.00,46.00
71.54,86.49,19.00,46.00
70.35,87.23,19.00,46.00
70.04,84.48,19.00,46.00
72.46,82.90,19.00,46.00
69.20,82.09,19.00,46.00
72.38,83.51,19.00,46.00
69.70,82.33,19.00,46.00
65.43,76.46,19.00,46.00
69.15,82.28,19.00,46.00
69.75,75.56,19.00,46.00
70.96,82.55,19.00,46.00
74.15,91.05,19.00,46.00
72.79,93.59,19.00,46.00
75.48,91.85,19.00,46.00
78.63,94.11,19.00,46.00
80.36,91.18,19.00,46.00
77.43,92.30,19.00,46.00
80.95,93.88,19.00,46.00
78.45,89.15,19.00,46.00
80.50,94.39,19.00,46.00
2
0
0
0
0
1
60.86,75.15,19.00,46.00
60.27,75.23,19.00,46.00
59.47,74.94,19.00,46.00
58.96,74.77,19.00,46.00
59.12,75.02,19.00,46.00
58.22,75.11,19.00,46.00
58.63,75.49,19.00,46.00
58.93,74.51,19.00,46.00
57.44,74.86,19.00,46.00
59.58,74.82,19.00,46.00
60.25,75.47,19.00,46.00
61.07,74.81,19.00,46.00
62.37,74.62,19.00,46.00
64.49,75.50,19.00,46.00
62.69,79.06,19.00,46.00
63.34,74.58,19.00,46.00
62.15,73.79,19.00,46.00
59.80,77.27,19.00,46.00
61.12,81.54,19.00,46.00
67.79,76.33,19.00,46.00
67.84,73.27,19.00,46.00
63.04,81.62,19.00,46.00
61.05,80.47,19.00,46.00
64.37,76.69,19.00,46.00
74.40,74.49,19.00,46.00
67.61,79.16,19.00,46.00
70.24,83.49,19.00,46.00
75.22,85.21,19.00,46.00
82.98,85.40,19.00,46.00
85.61,92.54,19.00,46.00
86.15,97.14,19.00,46.00
89.83,107.16,19.00,46.00
96.78,112.84,19.00,46.00
102.21,114.92,19.00,46.00
98.86,107.46,19.00,46.00
104.89,110.99,19.00,46.00
95.97,106.87,19.00,46.00
99.01,105.22,19.00,46.00
94.43,106.98,19.00,46.00
2
0
0
0
0
1
98.66,74.56,19.00,46.00
99.27,74.64,19.00,46.00
99.27,75.15,19.00,46.00
98.75,76.71,19.00,46.00
99.84,76.69,19.00,46.00
101.49,78.03,19.00,46.00
103.97,78.96,19.00,46.00
102.79,79.45,19.00,46.00
101.38,80.07,19.00,46.00
101.08,80.76,19.00,46.00
102.11,81.64,19.00,46.00
101.98,87.25,19.00,46.00
101.96,88.48,19.00,46.00
102.13,91.06,19.00,46.00
103.73,93.23,19.00,46.00
103.25,94.61,19.00,46.00
103.24,98.92,19.00,46.00
2
0
0
0
0
1
126.27,74.47,19.00,49.00
126.10,75.06,19.00,49.00
124.81,74.25,19.00,49.00
124.40,73.06,19.00,49.00
125.62,73.23,19.00,49.00
125.59,71.56,19.00,49.00
128.05,73.42,19.00,49.00
129.68,74.35,19.00,49.00
126.69,77.64,19.00,49.00
126.71,79.34,19.00,49.00
127.00,81.25,19.00,49.00
127.26,82.74,19.00,49.00
130.29,83.34,19.00,49.00
132.00,85.12,19.00,49.00
130.86,88.10,19.00,49.00
129.74,92.84,19.00,49.00
132.04,89.38,19.00,49.00
136.07,89.67,19.00,49.00
138.14,85.88,19.00,49.00
139.04,82.04,19.00,49.00
142.11,83.18,19.00,49.00
144.55,81.62,19.00,49.00
143.20,79.06,19.00,49.00
143.71,85.17,19.00,49.00
139.59,83.48,19.00,49.00
137.05,82.88,19.00,49.00
139.44,70.81,19.00,49.00
139.46,64.47,19.00,49.00
142.52,66.48,19.00,49.00
144.14,71.50,19.00,49.00
146.11,69.34,19.00,49.00
143.50,72.04,19.00,49.00
138.40,82.53,19.00,49.00
143.23,90.15,19.00,49.00
143.76,94.96,19.00,49.00
144.47,96.80,19.00,49.00
142.23,100.40,19.00,49.00
143.80,102.98,19.00,49.00
147.22,111.51,19.00,49.00
2
0
0
0
0
1
174.32,74.16,19.00,52.00
175.30,74.13,19.00,52.00
174.34,73.69,19.00,52.00
174.80,73.40,19.00,52.00
174.57,72.74,19.00,52.00
173.73,71.34,19.00,52.00
171.72,70.42,19.00,52.00
169.83,68.70,19.00,52.00
167.63,66.20,19.00,52.00
168.86,66.57,19.00,52.00
167.57,64.57,19.00,52.00
168.93,63.85,19.00,52.00
167.23,60.89,19.00,52.00
164.36,58.81,19.00,52.00
163.37,57.10,19.00,52.00
161.98,58.44,19.00,52.00
163.24,60.21,19.00,52.00
172.52,59.72,19.00,52.00
174.55,67.12,19.00,52.00
172.03,63.71,19.00,52.00
171.57,58.46,19.00,52.00
171.86,54.98,19.00,52.00
172.14,53.91,19.00,52.00
176.63,53.94,19.00,52.00
2
0
0
0
0
1
160.61,60.46,19.00,52.00
159.42,59.72,19.00,52.00
159.15,59.04,19.00,52.00
158.79,57.68,19.00,52.00
160.46,57.33,19.00,52.00
161.63,56.66,19.00,52.00
160.60,55.43,19.00,52.00
161.59,54.37,19.00,52.00
161.80,55.75,19.00,52.00
162.20,55.92,19.00,52.00
162.11,56.28,19.00,52.00
161.82,57.24,19.00,52.00
161.40,58.27,19.00,52.00
161.05,54.63,19.00,52.00
161.82,54.56,19.00,52.00
157.86,52.64,19.00,52.00
158.67,50.01,19.00,52.00
157.65,53.53,19.00,52.00
157.04,57.06,19.00,52.00
159.26,59.60,19.00,52.00
155.57,60.45,19.00,52.00
155.38,56.97,19.00,52.00
153.86,56.67,19.00,52.00
157.24,60.53,19.00,52.00
157.82,61.71,19.00,52.00
150.47,61.91,19.00,52.00
157.46,67.18,19.00,52.00
154.64,66.40,19.00,52.00
150.45,67.57,19.00,52.00
140.55,64.70,19.00,52.00
140.92,68.54,19.00,52.00
137.50,64.84,19.00,52.00
142.68,64.67,19.00,52.00
134.34,58.83,19.00,52.00
135.65,59.14,19.00,52.00
143.13,61.70,19.00,52.00
140.58,75.62,19.00,52.00
131.14,63.68,19.00,52.00
2
0
0
0
0
1
146.13,94.70,19.00,49.00
145.90,94.71,19.00,49.00
145.99,94.43,19.00,49.00
144.79,95.42,19.00,49.00
145.04,95.74,19.00,49.00
143.86,96.14,19.00,49.00
143.23,94.76,19.00,49.00
144.96,98.09,19.00,49.00
147.90,98.50,19.00,49.00
151.54,99.37,19.00,49.00
150.95,98.56,19.00,49.00
152.22,95.72,19.00,49.00
149.39,91.61,19.00,49.00
147.23,90.27,19.00,49.00
144.71,90.98,19.00,49.00
145.84,98.92,19.00,49.00
143.43,101.67,19.00,49.00
145.05,104.87,19.00,49.00
144.68,107.27,19.00,49.00
146.62,114.17,19.00,49.00
148.46,111.20,19.00,49.00
151.20,109.86,19.00,49.00
