0.01500650
0.05300870
0.05250500
0.05331890
0.05295530
0.05232850
0.05236180
0.05191790
0.05166810
0.05215860
0.05172240
0.05191860
0.05171420
0.05216510
0.05175000
0.05249480
0.06073340
0.05794060
0.05745670
0.05872200
0.05230630
0.05544870
0.05537760
0.05744420
0.05726970
0.05378340
0.05821170
0.05752610
0.06552830
0.06181700
0.06195530
0.05796320
0.05438790
0.05434340
0.05469040
0.05486890
0.05421130
0.05448270
0.05309920
0.05378400
0.05201590
0.05302740
0.05190540
0.05154410
0.00000000
0.00000000
0.00000000
0.00000000
0.01503770
0.05241640
0.05236770
0.05262530
0.05270500
0.05289200
0.05276530
0.05330910
0.05315840
0.05263580
0.05239130
0.05236520
0.05257300
0.05234810
0.05201310
0.05257840
0.05229960
0.05235520
0.05191770
0.05267800
0.05214490
0.05389510
0.05315010
0.05216830
0.05382590
0.05303770
0.05434660
0.05077040
0.05352750
0.05209800
0.05228990
0.05296270
0.05345120
0.05358210
0.05302390
0.05277340
0.05223980
0.05208270
0.05211120
0.05185550
0.05238860
0.05290600
0.05165950
0.05242120
0.05235680
0.05198480
0.05179280
0.05264700
0.05276450
0.05216730
0.05331280
0.05361440
0.05333320
0.05328220
0.05411100
0.05420710
0.05393030
0.05403400
0.05253540
0.05224540
0.05541530
0.05300300
0.05336090
0.05378300
0.05319230
0.05332230
0.05253440
0.05259190
0.00000000
0.00000000
0.00000000
0.00000000
0.01562670
0.05883300
0.05959930
0.05910110
0.05877740
0.06009970
0.05890830
0.05904450
0.05933310
0.05954750
0.05972850
0.05902820
0.05898750
0.05869440
0.05651430
0.05899300
0.05863600
0.05928830
0.05946870
0.05895280
0.06085550
0.06095370
0.06000040
0.05836100
0.05871700
0.05914990
0.05428980
0.05586480
0.05496220
0.05869760
0.05738850
0.05889220
0.05955700
0.05348140
0.05440080
0.05711660
0.05654160
0.00000000
0.00000000
0.00000000
0.00000000
0.01504140
0.05761590
0.05730560
0.05794100
0.05756130
0.05774200
0.05775220
0.05744640
0.05757320
0.05867220
0.05847330
0.05828500
0.05785630
0.05773850
0.05774460
0.05808620
0.05907720
0.05861250
0.05800260
0.05788830
0.05949700
0.05801900
0.05628360
0.05700640
0.05590720
0.05579240
0.00000000
0.00000000
0.00000000
0.00000000
0.01442930
0.06056450
0.06000790
0.06096860
0.05996570
0.06107220
0.05980020
0.06159490
0.06067910
0.06050550
0.06095260
0.06099220
0.06104240
0.06134810
0.05984130
0.06063140
0.06024370
0.06120620
0.05938320
0.05994690
0.05617770
0.06141580
0.05909320
0.05611230
0.05765070
0.05938540
0.06083420
0.06123950
0.05909670
0.05943400
0.06079420
0.06194340
0.06047160
0.06085830
0.05961990
0.06006490
0.06079790
0.06033820
0.05703450
0.05987430
0.06080490
0.05979700
0.05674650
0.05880480
0.05926520
0.05892990
0.05615170
0.00000000
0.00000000
0.00000000
0.00000000
0.01454480
0.06108550
0.06169270
0.06111770
0.06169750
0.06359310
0.06327350
0.06295030
0.06269480
0.06127590
0.06343640
0.06300750
0.06250110
0.06210020
0.05802980
0.06144470
0.06159050
0.06171330
0.06106010
0.06003100
0.06063300
0.05456820
0.06066710
0.05891650
0.05999970
0.05658570
0.05711150
0.05795860
0.05728790
0.05926170
0.05822120
0.06110690
0.06058110
0.06122830
0.00000000
0.00000000
0.00000000
0.00000000
0.01475730
0.07236210
0.07286220
0.07472420
0.07370230
0.07165120
0.07523970
0.07454620
0.07307920
0.07250820
0.07291290
0.07289630
0.06857550
0.07158510
0.07278390
0.07295880
0.07132690
0.07360740
0.07325300
0.07326340
0.07316930
0.07348300
0.07357770
0.00000000
0.00000000
0.00000000
0.00000000
0.01443240
0.06046670
0.05972710
0.05937890
0.05926620
0.05923480
0.06005450
0.06025560
0.05981240
0.06119790
0.06130370
0.05952180
0.05919580
0.06061730
0.06056380
0.06012030
0.05908630
0.05929770
0.05950260
0.05949690
0.05893530
0.05880930
0.05640970
0.05941330
0.05774910
0.05794500
0.05999850
0.00000000
0.00000000
0.00000000
0.00000000
0.01430380
0.05977370
0.05960690
0.05913760
0.05954760
0.06005670
0.05998810
0.05966910
0.05932580
0.05918410
0.05901080
0.05941170
0.05921970
0.05889390
0.06149550
0.06059020
0.05967580
0.05924390
0.05958380
0.06419650
0.06096530
0.05980910
0.05947140
0.05735040
0.05813500
0.05949650
0.05892370
0.06033190
0.06044530
0.06010950
0.05955810
0.05795400
0.05849710
0.05905300
0.05943000
0.05914230
0.05926680
0.05984360
0.05921690
0.05823500
0.05689660
0.05881700
0.05883690
0.05888690
0.05904250
0.05799810
0.05980770
0.06029980
0.05893170
0.06006200
0.06060280
0.06106900
0.05988410
0.05945050
0.05788390
0.05891920
0.05734810
0.05921240
0.05504890
0.05620210
0.05644510
0.05678240
