0.01427360
0.04986270
0.04857970
0.04828550
0.04895230
0.04894960
0.04825640
0.04925660
0.04985630
0.05134180
0.04979010
0.04793810
0.04839140
0.04915290
0.04933700
0.04962260
0.05051390
0.04879290
0.04864350
0.04874080
0.04924180
0.04958220
0.04879110
0.04809660
0.04797280
0.04916920
0.04756840
0.05100290
0.05064240
0.04963800
0.04936130
0.04907880
0.04909490
0.00000000
0.00000000
0.00000000
0.00000000
0.01450410
0.05343120
0.05324490
0.05413110
0.05365750
0.05377540
0.05302280
0.05267010
0.05213580
0.05196520
0.04797410
0.05172100
0.05069300
0.04977150
0.05329260
0.05376140
0.05237410
0.05225650
0.05023090
0.05174840
0.05263110
0.05484350
0.05284800
0.00000000
0.00000000
0.00000000
0.00000000
0.01449250
0.04995540
0.05040550
0.05009520
0.04945260
0.05144450
0.05085830
0.05326880
0.05354610
0.07476000
0.06603270
0.08058030
0.05562870
0.05257680
0.05070120
0.04807490
0.04406220
0.04807150
0.04718240
0.04476380
0.04787700
0.04842180
0.04975210
0.04848860
0.04963410
0.05032040
0.00000000
0.00000000
0.00000000
0.00000000
0.01440760
0.05054650
0.05088870
0.05001280
0.04977670
0.04962690
0.04955620
0.04983020
0.04789250
0.04891370
0.05150820
0.05072990
0.04824100
0.04965950
0.04813710
0.04803790
0.00000000
0.00000000
0.00000000
0.00000000
0.01444030
0.05108020
0.05074870
0.05071550
0.05098960
0.05109760
0.05147470
0.05147270
0.05102970
0.05123420
0.05095650
0.05223190
0.05711420
0.05259220
0.04974020
0.04852240
0.04937490
0.04502800
0.04674820
0.04359780
0.05044000
0.04614070
0.04939380
0.04745250
0.04882580
0.04779820
0.05073970
0.05177060
0.05197430
0.00000000
0.00000000
0.00000000
0.00000000
0.01465350
0.05017930
0.05054340
0.05040620
0.05230520
0.05414420
0.04985000
0.05043740
0.04974340
0.05001850
0.05083010
0.05001420
0.00000000
0.00000000
0.00000000
0.00000000
0.01435510
0.05150530
0.05079430
0.05126410
0.05082270
0.05055600
0.05181460
0.05162610
0.04978500
0.05203760
0.05159750
0.04859830
0.05649510
0.05262020
0.05088960
0.05411920
0.04958110
0.04804470
0.04673910
0.06103420
0.04499950
0.04190510
0.05169000
0.04407240
0.04730390
0.04714450
0.04772860
0.04723510
0.04809130
0.05144600
0.04935600
0.04946200
0.04785470
0.04862260
0.04392360
0.04880710
0.04485230
0.04844890
0.04624150
0.04768350
0.04713190
0.04617150
0.04606630
0.00000000
0.00000000
0.00000000
0.00000000
0.01431850
0.05348580
0.05282570
0.05303270
0.05261010
0.05380580
0.05405530
0.05356240
0.05258240
0.05371510
0.05283440
0.04722470
0.00000000
0.00000000
0.00000000
0.00000000
0.01403950
0.04932000
0.04945890
0.04916670
0.04901880
0.04954030
0.04962020
0.04938070
0.04977700
0.04941470
0.04953860
0.04915660
0.04973050
0.04916230
0.05045600
0.05143110
0.04965770
0.04725770
