1
224.91,92.91,43.00,45.00
224.53,93.71,43.00,45.00
225.68,95.29,43.00,45.00
227.87,96.59,43.00,45.00
228.18,95.99,43.00,45.00
227.60,96.13,43.00,45.00
227.13,97.34,43.00,45.00
226.47,95.83,43.00,45.00
227.61,95.87,43.00,45.00
226.13,94.89,43.00,45.00
220.93,97.31,43.00,45.00
215.77,95.93,43.00,45.00
212.23,92.40,43.00,45.00
212.49,92.72,43.00,45.00
209.13,91.72,43.00,45.00
205.57,89.80,43.00,45.00
200.99,88.48,43.00,45.00
198.45,89.58,43.00,45.00
193.88,90.69,43.00,45.00
190.52,91.23,43.00,45.00
188.31,100.53,43.00,45.00
184.78,105.94,43.00,45.00
184.29,107.08,43.00,45.00
175.75,114.08,43.00,45.00
176.04,119.49,43.00,45.00
167.24,119.10,43.00,45.00
162.22,120.07,43.00,45.00
155.01,125.60,43.00,45.00
151.48,127.44,43.00,45.00
145.67,129.61,43.00,45.00
141.47,134.53,43.00,45.00
2
0
0
0
0
1
31.48,112.75,71.00,66.00
32.80,114.08,71.00,66.00
32.02,114.86,71.00,66.00
33.41,115.55,71.00,66.00
31.66,115.26,71.00,66.00
31.39,114.27,71.00,66.00
30.24,113.03,71.00,66.00
32.18,110.95,71.00,66.00
37.83,113.26,71.00,66.00
38.81,119.20,71.00,66.00
43.78,119.24,71.00,66.00
52.16,117.57,71.00,66.00
65.73,114.45,71.00,66.00
75.82,118.19,71.00,66.00
77.41,121.47,71.00,66.00
77.35,125.06,71.00,66.00
78.14,123.99,71.00,66.00
79.10,116.70,71.00,66.00
100.78,123.65,71.00,66.00
119.82,126.48,71.00,66.00
114.26,138.35,71.00,66.00
2
0
0
0
0
1
200.21,57.76,43.00,62.00
201.83,59.67,43.00,62.00
202.35,61.60,43.00,62.00
204.86,62.63,43.00,62.00
206.56,67.49,43.00,62.00
212.56,72.16,43.00,62.00
215.18,74.82,43.00,62.00
221.69,80.67,43.00,62.00
223.08,84.81,43.00,62.00
221.83,82.76,43.00,62.00
226.41,86.08,43.00,62.00
231.63,94.92,43.00,62.00
236.80,100.46,43.00,62.00
244.90,111.94,43.00,62.00
239.15,105.01,43.00,62.00
237.13,95.83,43.00,62.00
239.40,95.18,43.00,62.00
236.39,88.74,43.00,62.00
240.80,96.52,43.00,62.00
238.52,106.64,43.00,62.00
235.48,111.43,43.00,62.00
230.64,109.83,43.00,62.00
222.10,112.14,43.00,62.00
214.51,115.31,43.00,62.00
2
0
0
0
0
1
239.08,134.02,50.00,54.00
238.96,133.60,50.00,54.00
238.43,132.69,50.00,54.00
235.64,133.48,50.00,54.00
232.85,137.27,50.00,54.00
229.88,136.53,50.00,54.00
231.69,139.49,50.00,54.00
223.11,133.49,50.00,54.00
217.08,131.97,50.00,54.00
207.23,135.56,50.00,54.00
201.61,138.18,50.00,54.00
192.96,138.12,50.00,54.00
185.88,140.79,50.00,54.00
181.66,134.92,50.00,54.00
2
0
0
0
0
1
113.85,84.54,55.00,63.00
113.64,82.80,55.00,63.00
115.45,81.51,55.00,63.00
115.81,80.06,55.00,63.00
119.97,79.25,55.00,63.00
125.90,78.34,55.00,63.00
124.05,82.55,55.00,63.00
130.31,78.44,55.00,63.00
138.60,83.53,55.00,63.00
140.02,86.42,55.00,63.00
147.14,80.15,55.00,63.00
149.75,81.11,55.00,63.00
156.57,81.36,55.00,63.00
159.48,75.55,55.00,63.00
168.82,84.04,55.00,63.00
179.64,84.21,55.00,63.00
176.41,81.75,55.00,63.00
167.43,69.23,55.00,63.00
161.38,78.95,55.00,63.00
169.67,87.89,55.00,63.00
172.63,87.88,55.00,63.00
164.39,78.53,55.00,63.00
161.76,82.79,55.00,63.00
163.74,80.30,55.00,63.00
159.48,83.79,55.00,63.00
152.81,95.69,55.00,63.00
145.27,109.82,55.00,63.00
2
0
0
0
0
1
176.67,67.94,43.00,55.00
176.12,69.49,43.00,55.00
174.27,70.42,43.00,55.00
172.88,72.67,43.00,55.00
170.41,76.80,43.00,55.00
166.98,80.38,43.00,55.00
164.79,83.12,43.00,55.00
165.62,81.96,43.00,55.00
160.48,84.71,43.00,55.00
159.19,98.26,43.00,55.00
2
0
0
0
0
1
74.69,153.94,55.00,53.00
74.02,154.43,55.00,53.00
73.01,154.24,55.00,53.00
74.86,156.70,55.00,53.00
73.26,158.69,55.00,53.00
70.78,155.94,55.00,53.00
69.85,154.87,55.00,53.00
62.77,153.46,55.00,53.00
57.29,155.27,55.00,53.00
51.68,156.54,55.00,53.00
51.06,149.82,55.00,53.00
48.38,148.64,55.00,53.00
49.17,147.81,55.00,53.00
43.24,146.94,55.00,53.00
35.00,139.08,55.00,53.00
31.10,132.86,55.00,53.00
29.39,130.33,55.00,53.00
25.05,128.70,55.00,53.00
22.92,121.76,55.00,53.00
29.66,120.34,55.00,53.00
33.25,112.04,55.00,53.00
33.91,107.06,55.00,53.00
33.23,105.82,55.00,53.00
37.35,91.19,55.00,53.00
51.38,89.66,55.00,53.00
49.03,80.98,55.00,53.00
49.95,77.79,55.00,53.00
60.06,86.72,55.00,53.00
61.26,74.35,55.00,53.00
56.76,72.67,55.00,53.00
57.09,69.73,55.00,53.00
53.13,65.70,55.00,53.00
50.62,67.11,55.00,53.00
56.86,66.60,55.00,53.00
54.31,71.39,55.00,53.00
53.41,69.95,55.00,53.00
54.28,77.71,55.00,53.00
50.05,94.21,55.00,53.00
45.30,96.73,55.00,53.00
46.71,102.22,55.00,53.00
50.61,99.07,55.00,53.00
2
0
0
0
0
1
127.81,113.97,66.00,67.00
128.01,114.43,66.00,67.00
128.75,113.95,66.00,67.00
127.59,114.39,66.00,67.00
128.26,116.52,66.00,67.00
127.04,115.36,66.00,67.00
130.99,118.54,66.00,67.00
132.75,118.42,66.00,67.00
131.49,118.29,66.00,67.00
134.91,118.63,66.00,67.00
2
0
0
0
0
1
220.04,97.65,45.00,58.00
219.91,97.79,45.00,58.00
218.81,98.84,45.00,58.00
217.61,101.28,45.00,58.00
216.60,103.36,45.00,58.00
216.65,103.55,45.00,58.00
219.45,104.81,45.00,58.00
216.30,107.40,45.00,58.00
216.61,111.41,45.00,58.00
213.70,113.68,45.00,58.00
213.19,112.34,45.00,58.00
212.54,111.85,45.00,58.00
210.78,112.56,45.00,58.00
212.92,113.64,45.00,58.00
215.24,118.76,45.00,58.00
210.57,124.74,45.00,58.00
203.52,128.07,45.00,58.00
