0.01411590
0.05491670
0.05455230
0.05422640
0.05416970
0.05410210
0.05363510
0.05431150
0.05380830
0.05353430
0.05335070
0.05138720
0.05381480
0.05341290
0.05058150
0.05306840
0.05025740
0.05063070
0.04742170
0.04743230
0.05076580
0.05393630
0.04484890
0.05228560
0.05334370
0.05418900
0.05600270
0.05237320
0.05187580
0.05098010
0.04752690
0.05079860
0.05035060
0.05018260
0.04612270
0.04910360
0.05371080
0.05290120
0.05278290
0.05313540
0.05259980
0.05085320
0.05034400
0.04717980
0.04652570
0.04414780
0.05139250
0.05171720
0.05343260
0.05204930
0.05152240
0.00000000
0.00000000
0.00000000
0.00000000
0.01412700
0.05000980
0.05006460
0.05001200
0.04982980
0.05072600
0.04962140
0.04964620
0.05020050
0.05088450
0.04991710
0.04948980
0.04954200
0.04984490
0.05030050
0.04979880
0.04774790
0.04625540
0.04890760
0.04721170
0.04903640
0.04861970
0.04334630
0.04755840
0.04529760
0.04939820
0.04652600
0.04370960
0.04677620
0.04896260
0.04978610
0.00000000
0.00000000
0.00000000
0.00000000
0.01399530
0.05051870
0.05034860
0.05097250
0.05057170
0.05092470
0.05059760
0.05042530
0.05052830
0.05069550
0.05068580
0.05050330
0.05040100
0.05120000
0.05114560
0.05087240
0.05053560
0.05079600
0.05180610
0.05053120
0.05084290
0.05108300
0.05161950
0.05239040
0.05106900
0.04838940
0.05000720
0.04541360
0.04866040
0.04693940
0.04850290
0.04790200
0.04999030
0.05037740
0.04990710
0.04949080
0.04750880
0.04826270
0.04934930
0.05045360
0.04239680
0.04682720
0.04870390
0.04867100
0.05041470
0.04945720
0.04904150
0.04982640
0.04776440
0.05138470
0.05470680
0.04930200
0.04452340
0.04573180
0.04696710
0.04759380
0.05046220
0.04999160
0.04757270
0.04522930
0.04952970
0.04679400
0.05027550
0.05218960
0.05037160
0.04884450
0.04989490
0.04492830
0.04859820
0.05056110
0.04712780
0.04426580
0.04688200
0.04310360
0.04764210
0.04668110
0.04859680
0.04244950
0.04359950
0.04197860
0.05030740
0.05008620
0.05007410
0.04479580
0.04935480
0.00000000
0.00000000
0.00000000
0.00000000
0.01370050
0.05047200
0.05056540
0.05033290
0.05157910
0.05099840
0.05034360
0.05061610
0.05072230
0.05056020
0.05076710
0.05045590
0.05100320
0.05170760
0.05440600
0.05065020
0.05006110
0.05163150
0.05188160
0.05192280
0.04933240
0.04901450
0.05087360
0.04798240
0.04925060
0.04918030
0.04850380
0.04949230
0.05051300
0.04687320
0.04849530
0.04565930
0.04456270
0.04507270
0.04611590
0.05064630
0.04540210
0.04593830
0.04905500
0.04525720
0.04805450
0.05172210
0.05064900
0.05099850
0.05124730
0.04781560
0.00000000
0.00000000
0.00000000
0.00000000
0.01370950
0.05014470
0.05047670
0.05074180
0.05022510
0.05019170
0.05116270
0.05196140
0.05149270
0.05073640
0.05139140
0.04977430
0.05051300
0.05101380
0.05116430
0.04658070
0.04705920
0.04603150
0.00000000
0.00000000
0.00000000
0.00000000
0.01372590
0.05012520
0.05015560
0.05024750
0.05096960
0.05120090
0.05111750
0.04653040
0.05042480
0.04921270
0.05052210
0.05016730
0.05076920
0.04920630
0.05081080
0.05028210
0.04850880
0.04953230
0.00000000
0.00000000
0.00000000
0.00000000
0.01396130
0.05072190
0.05007750
0.04962470
0.05190670
0.04913820
0.04720180
0.04662000
0.04841390
0.04789290
0.05031370
0.04921290
0.05014760
0.05081000
0.04960740
0.04606440
0.04922890
0.05071790
0.04870310
0.05034640
0.04988510
0.04676420
0.04670000
0.04673590
0.04816790
0.04840280
0.04925570
0.04904920
0.04837720
0.04649590
0.05000900
0.04757590
0.04723180
0.04932930
0.05011460
0.05036020
0.04984260
0.05035720
0.05017420
0.05022040
0.04949010
0.04965650
0.04885470
0.05041050
0.04791560
0.04539110
0.04938210
0.04987550
0.05029510
0.05283360
0.05072660
0.05114650
0.05012570
0.04784020
0.05043100
0.05033920
0.05026810
0.05324860
0.04765840
0.04971660
0.05020240
0.04796180
0.04602800
0.04481600
0.04294770
0.04950820
0.04990430
0.04850080
0.04944070
0.04787100
0.04809870
0.04917800
0.04819190
0.04660840
0.04220570
0.04913590
0.04873670
0.00000000
0.00000000
0.00000000
0.00000000
0.01413260
0.05128430
0.05193880
0.05150190
0.05154500
0.05201790
0.05180910
0.05182330
0.04880380
0.05169410
0.05134100
0.05182010
0.05200680
0.05093900
0.05024960
0.05087490
0.05011290
0.05135170
0.05003800
0.05095670
0.04946860
0.05028500
0.04705240
0.04729840
0.04778190
0.04566390
0.04750950
0.00000000
0.00000000
0.00000000
0.00000000
0.01407660
0.05062170
0.05101740
0.05020390
0.05124020
0.05014640
0.04990230
0.04995510
0.05013670
0.05097970
0.04997420
0.04972170
0.04922010
0.04672810
0.04865980
0.04614670
0.04663350
0.04596380
0.04198970
0.03982770
0.04205270
0.04257320
0.04640080
0.04927410
0.04646780
0.00000000
0.00000000
0.00000000
0.00000000
0.01360370
0.04869470
0.04850240
0.04947990
0.04989860
0.05083030
0.05013710
0.04876850
0.05029820
0.05019610
0.04947010
0.04904930
0.04898420
0.04945090
0.04965360
0.04958730
0.04913940
0.04924690
0.04870410
0.04404210
0.04377600
0.04811640
0.04890590
0.04881530
0.04867790
0.04841720
0.04805030
0.04884130
0.04938090
0.04872220
0.04951300
0.04729570
0.04458570
0.04135980
0.04550120
0.04525330
0.04242470
0.04354020
0.04706220
0.04924740
0.04921920
0.04822000
0.04761280
0.04983840
0.04870440
0.04630800
0.04524350
0.04656360
0.04835730
0.04927480
0.04988680
0.04770330
0.04423600
0.04551350
0.00000000
0.00000000
0.00000000
0.00000000
0.01416340
0.04948140
0.04930120
0.04928100
0.04950830
0.04986700
0.04965630
0.04947980
0.05053190
0.04965030
0.04971190
0.04972510
0.04932440
0.04961970
0.05020720
0.04847340
0.04995920
0.04816730
0.04847370
0.04716130
0.04757990
0.04456870
0.04702330
0.04376900
0.04553170
0.04605770
0.04731510
0.04496220
0.04768890
0.04554040
0.04627060
0.04793150
0.05205550
0.04875360
0.04640190
0.05064380
0.04780480
0.04989570
0.04600820
0.04717510
0.05031810
0.04991720
0.04837330
0.04657710
0.04985540
0.04816380
0.04670480
0.04842660
0.04367110
0.04611760
0.04636440
0.04743940
0.04085320
0.04134290
0.04519560
0.04827440
0.00000000
0.00000000
0.00000000
0.00000000
0.01372080
0.04980970
0.04960690
0.04963750
0.04942950
0.04993660
0.04962610
0.04973140
0.04974780
0.04957300
0.04974230
0.04966830
0.05001170
0.05062880
0.04608690
0.04889960
0.04762850
0.04562760
0.05068820
0.04650540
0.04524700
0.05212460
0.04984760
0.04669060
0.00000000
0.00000000
0.00000000
0.00000000
0.01396970
0.05068400
0.05062240
0.04976170
0.04981910
0.05025680
0.04926690
0.04946270
0.04943440
