1
200.43,113.17,45.00,45.00
199.81,113.25,45.00,45.00
199.62,112.85,45.00,45.00
199.58,112.29,45.00,45.00
199.48,111.92,45.00,45.00
196.85,113.23,45.00,45.00
194.10,113.55,45.00,45.00
192.99,111.73,45.00,45.00
194.48,110.72,45.00,45.00
195.36,111.15,45.00,45.00
193.69,110.75,45.00,45.00
191.92,110.69,45.00,45.00
192.37,112.46,45.00,45.00
192.24,112.25,45.00,45.00
193.22,112.02,45.00,45.00
194.38,112.98,45.00,45.00
197.64,117.09,45.00,45.00
199.81,118.26,45.00,45.00
197.75,119.18,45.00,45.00
198.36,116.80,45.00,45.00
199.07,119.44,45.00,45.00
200.33,118.82,45.00,45.00
196.20,116.32,45.00,45.00
194.27,112.58,45.00,45.00
194.06,115.35,45.00,45.00
197.59,112.73,45.00,45.00
202.18,110.11,45.00,45.00
193.77,106.09,45.00,45.00
189.09,106.73,45.00,45.00
187.38,107.29,45.00,45.00
182.60,105.35,45.00,45.00
182.18,103.18,45.00,45.00
186.85,103.14,45.00,45.00
189.61,104.07,45.00,45.00
195.61,105.66,45.00,45.00
198.32,104.60,45.00,45.00
202.52,105.64,45.00,45.00
208.03,110.09,45.00,45.00
207.41,107.67,45.00,45.00
208.52,109.44,45.00,45.00
202.83,105.38,45.00,45.00
213.51,112.20,45.00,45.00
218.46,120.06,45.00,45.00
220.00,115.78,45.00,45.00
213.58,110.00,45.00,45.00
206.89,111.04,45.00,45.00
205.68,107.07,45.00,45.00
205.56,100.54,45.00,45.00
205.95,106.21,45.00,45.00
200.50,112.02,45.00,45.00
199.25,115.14,45.00,45.00
194.18,111.81,45.00,45.00
194.16,113.96,45.00,45.00
188.32,108.65,45.00,45.00
181.80,101.90,45.00,45.00
177.80,102.44,45.00,45.00
173.72,104.94,45.00,45.00
185.67,107.95,45.00,45.00
180.06,107.64,45.00,45.00
179.84,110.31,45.00,45.00
183.53,107.65,45.00,45.00
172.64,110.75,45.00,45.00
161.27,111.46,45.00,45.00
167.02,112.63,45.00,45.00
175.11,108.68,45.00,45.00
176.44,113.69,45.00,45.00
175.48,112.52,45.00,45.00
176.96,107.24,45.00,45.00
153.10,95.49,45.00,45.00
160.89,98.52,45.00,45.00
161.93,96.73,45.00,45.00
165.49,105.68,45.00,45.00
171.19,107.20,45.00,45.00
2
0
0
0
0
1
121.75,140.93,52.00,54.00
121.44,141.57,52.00,54.00
123.27,141.97,52.00,54.00
126.38,141.50,52.00,54.00
124.47,139.27,52.00,54.00
124.30,135.17,52.00,54.00
126.40,133.51,52.00,54.00
126.19,134.33,52.00,54.00
130.37,130.13,52.00,54.00
133.55,127.70,52.00,54.00
143.75,119.23,52.00,54.00
146.27,116.03,52.00,54.00
155.26,114.79,52.00,54.00
160.81,112.43,52.00,54.00
159.00,120.40,52.00,54.00
167.17,118.11,52.00,54.00
174.80,115.84,52.00,54.00
185.05,119.47,52.00,54.00
193.23,114.25,52.00,54.00
187.54,118.89,52.00,54.00
189.19,107.45,52.00,54.00
186.49,106.28,52.00,54.00
184.53,100.32,52.00,54.00
175.37,91.10,52.00,54.00
164.30,87.26,52.00,54.00
175.91,87.11,52.00,54.00
183.37,80.58,52.00,54.00
180.55,96.25,52.00,54.00
184.66,98.09,52.00,54.00
191.78,106.45,52.00,54.00
184.03,110.92,52.00,54.00
188.25,117.96,52.00,54.00
2
0
0
0
0
1
141.23,101.94,65.00,67.00
140.66,102.27,65.00,67.00
139.88,101.18,65.00,67.00
138.93,99.19,65.00,67.00
141.87,95.61,65.00,67.00
141.01,95.83,65.00,67.00
145.95,97.52,65.00,67.00
149.79,98.73,65.00,67.00
153.15,98.03,65.00,67.00
157.68,107.75,65.00,67.00
163.07,108.96,65.00,67.00
171.64,110.93,65.00,67.00
175.92,111.80,65.00,67.00
185.47,114.33,65.00,67.00
178.34,112.69,65.00,67.00
173.88,101.20,65.00,67.00
167.87,96.20,65.00,67.00
170.66,96.32,65.00,67.00
170.20,104.49,65.00,67.00
170.06,107.00,65.00,67.00
173.05,116.79,65.00,67.00
172.55,118.27,65.00,67.00
169.02,119.03,65.00,67.00
171.04,118.64,65.00,67.00
174.54,114.46,65.00,67.00
178.27,110.77,65.00,67.00
179.94,105.65,65.00,67.00
184.11,107.81,65.00,67.00
2
0
0
0
0
1
106.73,66.63,63.00,66.00
106.89,66.71,63.00,66.00
107.75,65.64,63.00,66.00
108.90,66.28,63.00,66.00
108.60,66.44,63.00,66.00
104.35,64.64,63.00,66.00
102.39,64.80,63.00,66.00
100.23,66.10,63.00,66.00
97.72,64.96,63.00,66.00
90.74,61.37,63.00,66.00
93.79,67.25,63.00,66.00
92.34,70.50,63.00,66.00
88.25,74.46,63.00,66.00
85.99,69.28,63.00,66.00
76.65,70.41,63.00,66.00
83.11,60.42,63.00,66.00
83.00,64.32,63.00,66.00
86.92,62.49,63.00,66.00
98.17,55.25,63.00,66.00
109.64,59.21,63.00,66.00
89.23,70.99,63.00,66.00
92.96,78.43,63.00,66.00
89.19,79.62,63.00,66.00
109.18,65.71,63.00,66.00
118.45,68.19,63.00,66.00
2
0
0
0
0
1
84.28,93.31,49.00,48.00
83.50,93.06,49.00,48.00
82.50,93.55,49.00,48.00
2
0
0
0
0
1
177.87,126.35,52.00,54.00
177.77,126.40,52.00,54.00
176.94,125.63,52.00,54.00
177.21,124.20,52.00,54.00
179.47,123.99,52.00,54.00
181.02,125.02,52.00,54.00
180.02,125.29,52.00,54.00
177.26,127.66,52.00,54.00
180.91,128.07,52.00,54.00
180.22,135.37,52.00,54.00
182.34,132.85,52.00,54.00
184.76,131.81,52.00,54.00
187.37,126.35,52.00,54.00
195.42,121.90,52.00,54.00
198.09,127.26,52.00,54.00
196.19,121.95,52.00,54.00
201.67,125.42,52.00,54.00
202.88,118.79,52.00,54.00
202.48,124.68,52.00,54.00
202.37,124.49,52.00,54.00
197.74,129.83,52.00,54.00
198.46,125.61,52.00,54.00
200.17,123.60,52.00,54.00
199.90,122.50,52.00,54.00
200.91,120.46,52.00,54.00
205.96,122.77,52.00,54.00
207.36,122.41,52.00,54.00
206.91,123.41,52.00,54.00
205.36,125.34,52.00,54.00
197.58,123.26,52.00,54.00
196.97,122.42,52.00,54.00
187.94,120.50,52.00,54.00
178.01,132.15,52.00,54.00
175.73,135.45,52.00,54.00
161.88,132.12,52.00,54.00
156.12,127.03,52.00,54.00
141.68,119.69,52.00,54.00
136.16,116.09,52.00,54.00
125.28,118.98,52.00,54.00
121.27,110.64,52.00,54.00
2
0
0
0
0
1
159.64,126.85,45.00,46.00
158.80,127.22,45.00,46.00
159.77,127.49,45.00,46.00
158.87,127.74,45.00,46.00
157.96,128.79,45.00,46.00
159.84,128.80,45.00,46.00
160.52,130.42,45.00,46.00
157.16,133.10,45.00,46.00
157.48,130.82,45.00,46.00
154.97,132.43,45.00,46.00
156.07,130.96,45.00,46.00
159.31,132.00,45.00,46.00
159.41,132.48,45.00,46.00
161.77,137.66,45.00,46.00
155.02,131.64,45.00,46.00
154.13,130.47,45.00,46.00
152.15,135.77,45.00,46.00
155.02,143.80,45.00,46.00
140.00,141.72,45.00,46.00
130.25,144.84,45.00,46.00
114.35,140.07,45.00,46.00
106.80,135.04,45.00,46.00
107.89,135.12,45.00,46.00
100.57,131.92,45.00,46.00
105.73,128.14,45.00,46.00
94.26,133.76,45.00,46.00
2
0
0
0
0
1
153.80,120.63,55.00,56.00
154.59,120.40,55.00,56.00
156.60,119.19,55.00,56.00
157.02,117.42,55.00,56.00
155.26,115.73,55.00,56.00
155.19,112.65,55.00,56.00
156.65,113.71,55.00,56.00
159.45,108.31,55.00,56.00
158.88,109.77,55.00,56.00
157.49,107.91,55.00,56.00
158.32,106.85,55.00,56.00
162.26,106.84,55.00,56.00
164.08,105.96,55.00,56.00
169.62,100.21,55.00,56.00
167.82,111.02,55.00,56.00
161.33,104.74,55.00,56.00
156.35,100.13,55.00,56.00
155.67,94.06,55.00,56.00
155.81,103.07,55.00,56.00
147.58,108.26,55.00,56.00
154.65,99.02,55.00,56.00
164.80,102.98,55.00,56.00
170.82,99.52,55.00,56.00
173.95,97.01,55.00,56.00
187.91,94.94,55.00,56.00
192.03,99.69,55.00,56.00
192.56,106.94,55.00,56.00
198.60,112.54,55.00,56.00
197.03,115.96,55.00,56.00
195.08,117.59,55.00,56.00
2
0
0
0
0
1
127.75,79.96,62.00,66.00
126.89,81.10,62.00,66.00
126.97,80.63,62.00,66.00
127.20,81.59,62.00,66.00
125.93,82.74,62.00,66.00
128.54,80.73,62.00,66.00
127.12,77.40,62.00,66.00
120.08,76.29,62.00,66.00
120.10,78.60,62.00,66.00
119.03,78.37,62.00,66.00
118.25,76.99,62.00,66.00
119.29,83.00,62.00,66.00
121.66,86.64,62.00,66.00
116.89,89.33,62.00,66.00
124.14,86.90,62.00,66.00
124.18,87.27,62.00,66.00
122.84,87.40,62.00,66.00
129.09,94.20,62.00,66.00
127.77,91.26,62.00,66.00
115.97,86.88,62.00,66.00
114.87,77.22,62.00,66.00
108.13,72.34,62.00,66.00
107.32,78.15,62.00,66.00
92.54,84.17,62.00,66.00
85.58,70.27,62.00,66.00
77.64,73.37,62.00,66.00
75.94,61.15,62.00,66.00
79.71,61.57,62.00,66.00
80.53,67.29,62.00,66.00
81.17,66.52,62.00,66.00
70.29,67.27,62.00,66.00
80.17,62.02,62.00,66.00
86.65,57.00,62.00,66.00
80.90,55.86,62.00,66.00
89.31,49.88,62.00,66.00
94.69,48.84,62.00,66.00
95.60,42.64,62.00,66.00
100.41,39.73,62.00,66.00
119.44,37.14,62.00,66.00
132.27,39.55,62.00,66.00
122.36,40.36,62.00,66.00
118.76,35.89,62.00,66.00
126.89,37.10,62.00,66.00
122.40,39.58,62.00,66.00
2
0
0
0
0
1
87.93,114.29,57.00,59.00
86.98,113.19,57.00,59.00
86.30,112.55,57.00,59.00
86.57,113.25,57.00,59.00
90.00,112.16,57.00,59.00
91.28,111.27,57.00,59.00
91.59,114.53,57.00,59.00
93.27,111.84,57.00,59.00
94.32,109.12,57.00,59.00
107.29,104.20,57.00,59.00
108.99,104.00,57.00,59.00
112.47,100.69,57.00,59.00
119.59,98.60,57.00,59.00
125.00,99.66,57.00,59.00
126.49,95.15,57.00,59.00
126.08,94.49,57.00,59.00
129.65,91.12,57.00,59.00
128.20,93.14,57.00,59.00
126.69,87.00,57.00,59.00
126.92,87.19,57.00,59.00
136.21,92.34,57.00,59.00
137.16,94.38,57.00,59.00
142.74,96.68,57.00,59.00
144.40,106.45,57.00,59.00
152.41,110.27,57.00,59.00
156.01,115.00,57.00,59.00
160.56,112.49,57.00,59.00
155.84,110.14,57.00,59.00
152.88,118.10,57.00,59.00
164.13,124.39,57.00,59.00
169.14,124.09,57.00,59.00
178.96,129.65,57.00,59.00
187.75,130.46,57.00,59.00
189.40,135.16,57.00,59.00
191.94,132.38,57.00,59.00
191.79,135.79,57.00,59.00
187.84,132.99,57.00,59.00
192.62,130.11,57.00,59.00
196.92,123.14,57.00,59.00
203.69,125.91,57.00,59.00
199.32,119.09,57.00,59.00
191.29,122.00,57.00,59.00
184.51,117.97,57.00,59.00
183.29,112.60,57.00,59.00
171.75,107.38,57.00,59.00
170.74,106.70,57.00,59.00
2
0
0
0
0
1
191.37,102.00,42.00,41.00
190.86,101.54,42.00,41.00
188.84,102.54,42.00,41.00
188.17,101.94,42.00,41.00
183.88,102.91,42.00,41.00
182.48,102.60,42.00,41.00
179.82,104.62,42.00,41.00
176.87,104.90,42.00,41.00
175.00,106.76,42.00,41.00
172.75,109.44,42.00,41.00
171.40,107.72,42.00,41.00
170.63,107.64,42.00,41.00
163.12,107.24,42.00,41.00
161.12,109.54,42.00,41.00
157.98,113.08,42.00,41.00
154.98,114.90,42.00,41.00
150.45,118.81,42.00,41.00
142.68,120.08,42.00,41.00
143.80,124.97,42.00,41.00
133.31,128.83,42.00,41.00
132.26,127.18,42.00,41.00
129.73,123.48,42.00,41.00
131.85,119.55,42.00,41.00
128.87,121.45,42.00,41.00
132.01,121.97,42.00,41.00
135.22,121.42,42.00,41.00
115.53,127.26,42.00,41.00
111.56,118.52,42.00,41.00
131.71,120.94,42.00,41.00
144.04,132.10,42.00,41.00
146.77,129.68,42.00,41.00
154.85,129.76,42.00,41.00
2
0
0
0
0
1
107.99,131.70,53.00,54.00
108.63,130.47,53.00,54.00
111.02,128.90,53.00,54.00
113.02,125.75,53.00,54.00
112.93,123.15,53.00,54.00
110.91,122.21,53.00,54.00
115.05,125.32,53.00,54.00
114.94,126.04,53.00,54.00
121.11,121.58,53.00,54.00
117.10,121.87,53.00,54.00
118.40,120.48,53.00,54.00
114.81,123.05,53.00,54.00
119.61,124.81,53.00,54.00
112.07,126.71,53.00,54.00
108.55,112.90,53.00,54.00
102.55,117.71,53.00,54.00
96.50,118.50,53.00,54.00
94.41,118.14,53.00,54.00
84.01,117.76,53.00,54.00
97.86,106.40,53.00,54.00
108.61,105.13,53.00,54.00
113.97,105.53,53.00,54.00
131.76,104.37,53.00,54.00
134.89,100.45,53.00,54.00
123.78,107.80,53.00,54.00
125.76,104.15,53.00,54.00
138.29,89.54,53.00,54.00
141.66,90.61,53.00,54.00
147.38,83.47,53.00,54.00
144.51,76.51,53.00,54.00
139.54,72.31,53.00,54.00
117.92,83.07,53.00,54.00
102.92,88.29,53.00,54.00
106.57,83.67,53.00,54.00
87.35,77.48,53.00,54.00
86.45,94.69,53.00,54.00
80.33,110.27,53.00,54.00
2
0
0
0
0
1
113.59,112.00,51.00,53.00
114.26,111.64,51.00,53.00
113.02,110.66,51.00,53.00
113.05,108.77,51.00,53.00
115.07,109.71,51.00,53.00
114.92,110.28,51.00,53.00
114.32,111.47,51.00,53.00
116.61,114.21,51.00,53.00
115.53,107.17,51.00,53.00
113.40,111.60,51.00,53.00
118.45,109.47,51.00,53.00
117.61,105.30,51.00,53.00
120.92,104.75,51.00,53.00
120.53,115.56,51.00,53.00
127.80,111.06,51.00,53.00
136.63,103.82,51.00,53.00
147.12,101.20,51.00,53.00
136.90,109.42,51.00,53.00
132.34,109.35,51.00,53.00
130.56,105.15,51.00,53.00
130.59,106.99,51.00,53.00
122.12,109.00,51.00,53.00
123.88,105.77,51.00,53.00
125.59,103.40,51.00,53.00
131.71,107.92,51.00,53.00
141.12,115.12,51.00,53.00
138.61,111.68,51.00,53.00
136.71,122.32,51.00,53.00
2
0
0
0
0
1
203.44,147.63,56.00,57.00
204.47,147.64,56.00,57.00
203.00,145.79,56.00,57.00
201.35,145.18,56.00,57.00
200.05,142.64,56.00,57.00
200.36,144.36,56.00,57.00
202.44,140.86,56.00,57.00
198.97,138.76,56.00,57.00
200.65,139.93,56.00,57.00
203.06,136.79,56.00,57.00
197.39,137.19,56.00,57.00
201.00,128.74,56.00,57.00
194.36,124.07,56.00,57.00
184.70,124.81,56.00,57.00
187.53,133.86,56.00,57.00
187.44,135.20,56.00,57.00
189.71,140.48,56.00,57.00
184.98,140.63,56.00,57.00
184.49,136.09,56.00,57.00
175.51,133.71,56.00,57.00
172.32,134.89,56.00,57.00
173.21,128.28,56.00,57.00
171.05,126.14,56.00,57.00
168.09,124.91,56.00,57.00
171.07,115.22,56.00,57.00
162.86,116.38,56.00,57.00
167.71,115.42,56.00,57.00
161.70,116.22,56.00,57.00
162.44,114.47,56.00,57.00
159.11,112.93,56.00,57.00
160.81,111.61,56.00,57.00
155.80,113.94,56.00,57.00
158.29,116.02,56.00,57.00
148.48,119.41,56.00,57.00
135.61,130.13,56.00,57.00
136.10,130.31,56.00,57.00
141.96,135.07,56.00,57.00
133.96,139.41,56.00,57.00
133.03,139.61,56.00,57.00
134.04,140.30,56.00,57.00
134.11,143.23,56.00,57.00
130.44,146.41,56.00,57.00
132.08,144.73,56.00,57.00
138.96,143.54,56.00,57.00
141.88,137.21,56.00,57.00
138.95,139.08,56.00,57.00
150.38,147.31,56.00,57.00
156.18,148.59,56.00,57.00
153.96,151.43,56.00,57.00
158.97,152.31,56.00,57.00
159.99,147.49,56.00,57.00
159.60,142.13,56.00,57.00
148.81,138.80,56.00,57.00
152.05,138.01,56.00,57.00
127.78,142.88,56.00,57.00
2
0
0
0
0
1
159.79,149.35,36.00,37.00
160.58,149.44,36.00,37.00
160.79,150.38,36.00,37.00
160.93,151.72,36.00,37.00
159.83,153.71,36.00,37.00
158.64,152.35,36.00,37.00
157.92,150.31,36.00,37.00
154.83,151.01,36.00,37.00
153.57,149.81,36.00,37.00
148.47,150.52,36.00,37.00
148.92,152.95,36.00,37.00
150.43,154.26,36.00,37.00
147.24,155.96,36.00,37.00
147.25,152.33,36.00,37.00
144.24,152.50,36.00,37.00
139.30,158.96,36.00,37.00
140.77,159.05,36.00,37.00
141.01,159.02,36.00,37.00
