0.07507180
0.04999930
0.05045610
0.05019500
0.05199550
0.04941020
0.04877210
0.04856810
0.04872690
0.04927360
0.04883640
0.04866840
0.04875410
0.04846980
0.04825870
0.04826290
0.04903660
0.04849810
0.04830420
0.04828910
0.04862780
0.04986520
0.04963310
0.04865190
0.04804300
0.04851710
0.04751840
0.04821450
0.04678890
0.04697850
0.04902970
0.04770800
0.04976930
0.04850530
0.04871500
0.05043020
0.04488630
0.04902640
0.04873410
0.04852050
0.04846510
0.04706410
0.04876170
0.04766400
0.04787610
0.04166940
0.04597960
0.04525520
0.04707850
0.04845750
0.04424760
0.04665600
0.04549880
0.04839820
0.04790310
0.04562850
0.04792890
0.04670190
0.06131040
0.05004780
0.04971060
0.04862420
0.04661120
0.04746520
0.04843720
0.04788770
0.04718000
0.04735970
0.04565550
0.04268180
0.04716330
0.05881010
0.05718180
0.04450160
0.04651470
0.00000000
0.00000000
0.00000000
0.00000000
0.01465120
0.05037300
0.04949460
0.04949770
0.04913520
0.04984570
0.04926520
0.04853930
0.04900530
0.06728560
0.04888820
0.05002730
0.04922540
0.05028990
0.05014640
0.04969640
0.04954820
0.05434230
0.04933890
0.04911200
0.04937140
0.04391060
0.04680480
0.04932560
0.04534670
0.04711370
0.04956720
0.05005410
0.04376490
0.04866950
0.04771370
0.04887360
0.04628570
0.04769190
0.00000000
0.00000000
0.00000000
0.00000000
0.01438370
0.05195830
0.05212390
0.05284810
0.05289370
0.05223020
0.05267820
0.05185040
0.05137580
0.05162250
0.05160510
0.05175380
0.04993290
0.04821300
0.04405450
0.04850520
0.04256580
0.05038300
0.05174680
0.05126980
0.05165310
0.04907870
0.05164030
0.05009800
0.04971720
0.04881420
0.05127430
0.05009300
0.05009800
0.05098980
0.00000000
0.00000000
0.00000000
0.00000000
0.01478710
0.05122930
0.05172050
0.05247310
0.05234880
0.05178570
0.05182800
0.05115810
0.05130930
0.05161750
0.05183110
0.05083720
0.05181160
0.05270760
0.05017330
0.05159430
0.04562830
0.05110920
0.05009700
0.04938700
0.04977910
0.05155250
0.05059930
0.04640870
0.04608730
0.04981220
0.04610700
0.00000000
0.00000000
0.00000000
0.00000000
0.01431580
0.04941870
0.04872630
0.04871350
0.04860920
0.00000000
0.00000000
0.00000000
0.00000000
0.01389510
0.04925860
0.04932830
0.04956450
0.04964660
0.04976670
0.04932670
0.04955020
0.04907880
0.04912150
0.04910210
0.04894890
0.04522340
0.04404060
0.04879540
0.04943550
0.04982190
0.04939320
0.04857910
0.04926100
0.04993480
0.05132360
0.05163190
0.05125130
0.04816160
0.05007230
0.04861350
0.04964770
0.04940220
0.05034060
0.04421080
0.04848100
0.04431650
0.04850360
0.04665660
0.04585070
0.04427400
0.04517700
0.04682250
0.04956210
0.04547310
0.04815250
0.00000000
0.00000000
0.00000000
0.00000000
0.01426020
0.04857580
0.04909780
0.04815860
0.04822920
0.04811840
0.04806350
0.04790210
0.04819270
0.04820710
0.04823050
0.05087960
0.05018150
0.04899730
0.04827030
0.04740210
0.04461210
0.04652500
0.04810770
0.04687020
0.04669480
0.04697030
0.04802270
0.04680650
0.04751230
0.04682720
0.04750690
0.04653850
0.00000000
0.00000000
0.00000000
0.00000000
0.01458440
0.05021750
0.05021560
0.04954320
0.04972940
0.04938790
0.04941990
0.04974720
0.04950680
0.05000090
0.04839760
0.04937410
0.04953470
0.04945120
0.04900890
0.05060880
0.04785920
0.04829070
0.04701480
0.04772380
0.05138970
0.04867580
0.04967900
0.05015220
0.04900240
0.05012650
0.04817510
0.04974480
0.04985690
0.04629920
0.04576600
0.04803010
0.00000000
0.00000000
0.00000000
0.00000000
0.01443680
0.05210910
0.05308110
0.05314450
0.05600980
0.05165360
0.05167290
0.05376160
0.05126590
0.05186310
0.05202320
0.05215870
0.04869580
0.05214800
0.05271290
0.05175740
0.05174010
0.05219750
0.05052510
0.05107010
0.05816280
0.05235000
0.05225910
0.05026860
0.05559180
0.05058540
0.05093870
0.04957710
0.04921470
0.05193630
0.05331820
0.05572310
0.04950360
0.05152130
0.04923710
0.05048480
0.05055000
0.05095380
0.05073810
0.05159540
0.05025420
0.05155860
0.05077830
0.04813590
0.05089400
0.04871490
0.00000000
0.00000000
0.00000000
0.00000000
0.01502560
0.05056730
0.05133620
0.05063840
0.05117270
0.04991680
0.05013220
0.04998280
0.05005760
0.05049840
0.04982120
0.04985580
0.04990590
0.04957840
0.04811750
0.04860290
0.05087960
0.05320960
0.05041330
0.04972930
0.04777560
0.04590930
0.04682890
0.04945530
0.04715920
0.04512390
0.04614350
0.04773920
0.04609790
0.04725540
0.04945910
0.04915600
0.05069490
0.04869740
0.04903620
0.05112030
0.05696100
0.04535220
0.04824880
0.04918360
0.04990940
0.04934910
0.05784910
0.05026060
0.04946960
0.04798720
0.05012670
0.04860430
0.00000000
0.00000000
0.00000000
0.00000000
0.01443710
0.04827460
0.04784730
0.04754740
0.04762910
0.04769110
0.04767390
0.05185430
0.04838740
0.04814610
0.04744840
0.04741950
0.04729620
0.04731100
0.04772400
0.04832690
0.04807590
0.04840550
0.04875150
0.04932690
0.04780210
0.04665370
0.04744970
0.04631870
0.04463900
0.04731150
0.04732240
0.04862090
0.04753280
0.04526120
0.04629720
0.04657390
0.04546770
0.04431900
0.00000000
0.00000000
0.00000000
0.00000000
0.01426530
0.04922980
0.04963120
0.04978200
0.04930770
0.04932940
0.04890080
0.04946900
0.04909990
0.04961510
0.04918130
0.04912300
0.04994010
0.04902810
0.04628360
0.04542140
0.04849080
0.04841890
0.04931870
0.04737100
0.04622680
0.04527130
0.04738530
0.04485670
0.04758480
0.04929650
0.04928810
0.04161830
0.04840810
0.04679840
0.04870820
0.04597620
0.04292640
0.04685500
0.04839780
0.05044370
0.04591220
0.04678930
0.04352050
0.00000000
0.00000000
0.00000000
0.00000000
0.01446720
0.04964140
0.04928950
0.04905290
0.04911130
0.05135370
0.05016530
0.04994510
0.04984490
0.04914090
0.04791230
0.04871770
0.04890090
0.04899710
0.04920770
0.04711480
0.04824540
0.04694130
0.04862010
0.04560340
0.04968230
0.04500380
0.04507870
0.04606750
0.04710100
0.04798930
0.04783730
0.04640130
0.04564730
0.04706020
0.00000000
0.00000000
0.00000000
0.00000000
0.01455530
0.05017830
0.05010220
0.05051420
0.04972100
0.04970880
0.04979380
0.04965810
0.05205780
0.05144070
0.05119630
0.04807600
0.04825760
0.04898110
0.04955660
0.04835280
0.04772890
0.04764070
0.04961160
0.04966630
0.04974150
0.04989000
0.04696790
0.04882960
0.04903060
0.04893680
0.04795170
0.04998290
0.04633790
0.04986580
0.04961250
0.04866740
0.04734230
0.04902980
0.04831010
0.04633270
0.04920090
0.04994710
0.05017290
0.04980940
0.05549180
0.04918670
0.04855420
0.04511410
0.04622960
0.05001050
0.04825920
0.04984450
0.05079920
0.04508290
0.04744610
0.04512590
0.04612220
0.04913740
0.04546450
0.04033040
0.04621340
0.00000000
0.00000000
0.00000000
0.00000000
0.01420130
0.04702090
0.04726400
0.04718260
0.04696890
0.04703250
0.04728920
0.04692740
0.04704640
0.04694260
0.04711930
0.04637480
0.04587870
0.04233970
0.04492630
0.04577220
0.04663730
0.04593560
0.04457420
