1
265.81,118.11,112.00,80.00
266.64,118.53,112.00,80.00
265.58,118.81,112.00,80.00
265.39,119.64,112.00,80.00
266.55,119.46,112.00,80.00
266.05,119.60,112.00,80.00
266.19,119.02,112.00,80.00
266.18,116.29,112.00,80.00
265.30,115.26,112.00,80.00
267.78,116.94,112.00,80.00
268.23,115.75,112.00,80.00
269.32,113.94,112.00,80.00
272.15,117.71,112.00,80.00
279.79,117.81,112.00,80.00
285.20,125.40,112.00,80.00
285.28,119.59,112.00,80.00
285.56,124.04,112.00,80.00
294.28,121.74,112.00,80.00
296.57,117.76,112.00,80.00
307.19,121.19,112.00,80.00
324.04,131.75,112.00,80.00
332.84,123.28,112.00,80.00
330.12,124.00,112.00,80.00
339.40,128.91,112.00,80.00
340.47,134.43,112.00,80.00
337.15,120.82,112.00,80.00
340.41,126.45,112.00,80.00
333.48,115.72,112.00,80.00
328.83,116.65,112.00,80.00
330.97,113.71,112.00,80.00
335.90,97.94,112.00,80.00
336.53,95.34,112.00,80.00
337.41,97.29,112.00,80.00
343.57,76.37,112.00,80.00
341.19,86.62,112.00,80.00
345.82,101.57,112.00,80.00
338.17,114.60,112.00,80.00
339.04,118.19,112.00,80.00
339.35,119.23,112.00,80.00
331.39,109.66,112.00,80.00
338.61,111.36,112.00,80.00
323.25,114.30,112.00,80.00
323.89,118.85,112.00,80.00
320.60,106.85,112.00,80.00
316.16,114.03,112.00,80.00
299.78,105.48,112.00,80.00
311.51,113.58,112.00,80.00
300.83,108.69,112.00,80.00
292.26,110.59,112.00,80.00
296.63,115.92,112.00,80.00
299.16,116.65,112.00,80.00
292.17,119.77,112.00,80.00
305.86,136.71,112.00,80.00
303.14,138.33,112.00,80.00
288.95,123.13,112.00,80.00
278.92,122.55,112.00,80.00
275.85,124.88,112.00,80.00
278.39,121.11,112.00,80.00
277.66,125.40,112.00,80.00
258.53,141.83,112.00,80.00
265.42,137.87,112.00,80.00
268.02,131.80,112.00,80.00
259.27,134.80,112.00,80.00
267.23,130.80,112.00,80.00
292.67,125.04,112.00,80.00
286.66,133.53,112.00,80.00
289.87,139.05,112.00,80.00
294.17,142.94,112.00,80.00
286.29,150.88,112.00,80.00
270.71,159.50,112.00,80.00
268.90,174.25,112.00,80.00
295.41,172.90,112.00,80.00
283.39,157.71,112.00,80.00
281.64,152.19,112.00,80.00
288.35,160.65,112.00,80.00
2
0
0
0
0
1
356.12,138.07,22.00,49.00
355.81,138.14,22.00,49.00
355.29,138.00,22.00,49.00
355.79,137.41,22.00,49.00
355.23,137.54,22.00,49.00
354.65,136.67,22.00,49.00
354.42,137.31,22.00,49.00
354.83,137.12,22.00,49.00
354.93,137.91,22.00,49.00
354.35,137.93,22.00,49.00
355.83,138.42,22.00,49.00
356.37,137.83,22.00,49.00
353.95,136.31,22.00,49.00
354.87,137.04,22.00,49.00
355.64,136.07,22.00,49.00
354.26,136.87,22.00,49.00
354.38,137.10,22.00,49.00
355.77,137.07,22.00,49.00
356.82,137.59,22.00,49.00
2
0
0
0
0
1
334.20,132.95,18.00,37.00
334.36,132.75,18.00,37.00
334.08,132.77,18.00,37.00
333.59,132.06,18.00,37.00
332.81,132.86,18.00,37.00
331.98,133.33,18.00,37.00
330.87,133.00,18.00,37.00
330.40,133.22,18.00,37.00
330.14,133.44,18.00,37.00
329.87,133.07,18.00,37.00
327.80,135.93,18.00,37.00
327.46,136.69,18.00,37.00
327.74,140.36,18.00,37.00
327.58,141.98,18.00,37.00
327.47,142.60,18.00,37.00
326.94,142.01,18.00,37.00
323.85,144.74,18.00,37.00
320.59,142.94,18.00,37.00
317.55,147.63,18.00,37.00
319.49,146.69,18.00,37.00
317.82,145.77,18.00,37.00
317.56,145.59,18.00,37.00
316.92,144.43,18.00,37.00
318.41,148.23,18.00,37.00
315.02,154.43,18.00,37.00
316.38,155.44,18.00,37.00
312.04,154.58,18.00,37.00
305.80,152.87,18.00,37.00
2
0
0
0
0
1
311.68,138.64,59.00,31.00
311.81,139.03,59.00,31.00
311.84,138.59,59.00,31.00
310.49,139.24,59.00,31.00
309.86,140.16,59.00,31.00
307.29,141.59,59.00,31.00
305.55,141.86,59.00,31.00
304.03,141.39,59.00,31.00
302.95,141.67,59.00,31.00
302.42,142.14,59.00,31.00
302.32,142.47,59.00,31.00
304.64,143.00,59.00,31.00
303.45,143.44,59.00,31.00
302.02,144.05,59.00,31.00
301.94,142.01,59.00,31.00
299.18,142.62,59.00,31.00
301.21,144.41,59.00,31.00
300.11,144.30,59.00,31.00
300.65,145.60,59.00,31.00
295.78,143.45,59.00,31.00
291.01,142.52,59.00,31.00
285.86,142.74,59.00,31.00
291.03,146.11,59.00,31.00
286.97,149.37,59.00,31.00
284.29,150.28,59.00,31.00
279.30,146.39,59.00,31.00
277.96,141.77,59.00,31.00
279.40,142.72,59.00,31.00
276.23,138.06,59.00,31.00
273.19,141.09,59.00,31.00
273.53,141.85,59.00,31.00
269.02,142.39,59.00,31.00
2
0
0
0
0
1
342.47,124.14,70.00,24.00
342.99,124.09,70.00,24.00
343.16,123.55,70.00,24.00
344.11,124.17,70.00,24.00
344.12,123.58,70.00,24.00
344.62,122.75,70.00,24.00
345.62,122.53,70.00,24.00
346.87,120.74,70.00,24.00
346.63,118.96,70.00,24.00
344.33,118.94,70.00,24.00
345.24,117.23,70.00,24.00
346.29,115.78,70.00,24.00
346.21,117.62,70.00,24.00
345.48,119.62,70.00,24.00
342.72,118.97,70.00,24.00
344.81,120.56,70.00,24.00
346.22,121.89,70.00,24.00
2
0
0
0
0
1
406.93,91.96,71.00,36.00
406.90,92.50,71.00,36.00
406.39,92.93,71.00,36.00
404.84,93.81,71.00,36.00
403.44,94.01,71.00,36.00
401.24,94.87,71.00,36.00
398.37,96.88,71.00,36.00
394.54,95.77,71.00,36.00
391.04,97.17,71.00,36.00
386.78,95.10,71.00,36.00
387.51,96.50,71.00,36.00
385.75,99.55,71.00,36.00
382.90,99.52,71.00,36.00
384.19,103.93,71.00,36.00
390.70,109.47,71.00,36.00
389.37,107.84,71.00,36.00
384.21,112.94,71.00,36.00
384.27,112.46,71.00,36.00
378.87,114.00,71.00,36.00
377.59,125.27,71.00,36.00
380.42,133.28,71.00,36.00
375.73,138.87,71.00,36.00
377.52,145.06,71.00,36.00
362.34,143.38,71.00,36.00
2
0
0
0
0
1
435.66,118.08,64.00,43.00
436.18,117.95,64.00,43.00
435.60,117.15,64.00,43.00
435.66,116.29,64.00,43.00
435.18,115.57,64.00,43.00
435.69,112.93,64.00,43.00
436.16,112.92,64.00,43.00
436.57,112.83,64.00,43.00
436.90,112.37,64.00,43.00
434.66,112.09,64.00,43.00
435.47,109.44,64.00,43.00
432.05,109.40,64.00,43.00
429.55,113.00,64.00,43.00
430.66,113.24,64.00,43.00
428.89,116.45,64.00,43.00
427.80,116.80,64.00,43.00
427.93,116.62,64.00,43.00
429.06,114.02,64.00,43.00
430.87,113.54,64.00,43.00
429.20,115.98,64.00,43.00
431.25,118.45,64.00,43.00
431.40,122.25,64.00,43.00
432.65,120.68,64.00,43.00
432.20,129.31,64.00,43.00
432.94,128.69,64.00,43.00
429.46,130.80,64.00,43.00
433.34,125.14,64.00,43.00
431.58,127.84,64.00,43.00
432.87,126.08,64.00,43.00
432.87,130.29,64.00,43.00
433.53,132.73,64.00,43.00
437.66,135.56,64.00,43.00
439.00,142.58,64.00,43.00
437.64,139.97,64.00,43.00
445.14,145.79,64.00,43.00
454.04,142.34,64.00,43.00
456.03,142.52,64.00,43.00
459.17,148.92,64.00,43.00
463.19,157.67,64.00,43.00
2
0
0
0
0
1
402.75,164.72,57.00,79.00
402.11,164.15,57.00,79.00
401.35,164.43,57.00,79.00
401.58,166.42,57.00,79.00
401.05,167.75,57.00,79.00
402.69,169.39,57.00,79.00
405.21,168.11,57.00,79.00
406.37,168.27,57.00,79.00
409.27,163.94,57.00,79.00
411.63,163.68,57.00,79.00
407.28,161.97,57.00,79.00
408.38,161.05,57.00,79.00
413.06,162.41,57.00,79.00
417.32,157.63,57.00,79.00
421.83,154.47,57.00,79.00
428.41,157.94,57.00,79.00
424.99,168.56,57.00,79.00
427.52,179.77,57.00,79.00
430.44,171.36,57.00,79.00
433.08,171.94,57.00,79.00
437.29,167.84,57.00,79.00
2
0
0
0
0
1
358.06,191.82,79.00,87.00
358.30,192.30,79.00,87.00
359.10,191.67,79.00,87.00
359.19,191.08,79.00,87.00
358.15,191.18,79.00,87.00
360.77,189.07,79.00,87.00
