0.01506120
0.06524890
0.06004310
0.06166960
0.06087100
0.06169060
0.06809290
0.06004630
0.06000460
0.06044580
0.06055980
0.06035230
0.06000250
0.05930650
0.05993910
0.06090580
0.06057070
0.06144990
0.06055620
0.05919930
0.05987620
0.06081680
0.05971750
0.05953450
0.06088360
0.05996550
0.05926380
0.05827660
0.05359290
0.05818820
0.05800310
0.06057480
0.06176240
0.06154970
0.05784330
0.05860240
0.05866780
0.06092360
0.06077860
0.06177250
0.05920390
0.05977020
0.06010960
0.05890410
0.05901530
0.05818180
0.05630960
0.06002690
0.06091370
0.06601300
0.05983830
0.05924960
0.06027480
0.06074890
0.05988420
0.06027470
0.06014940
0.05916290
0.06018540
0.05955320
0.06018090
0.05966590
0.06004520
0.06010750
0.06025520
0.05935780
0.06544940
0.06042900
0.06145430
0.06331750
0.05950640
0.06135770
0.05641300
0.05728600
0.05654640
0.05745340
0.05685850
0.00000000
0.00000000
0.00000000
0.00000000
0.01515580
0.04877740
0.05458620
0.04850790
0.04963620
0.04956510
0.04917520
0.04845140
0.05052440
0.05231460
0.04891640
0.04833900
0.04853810
0.04853980
0.04880460
0.04825150
0.04855250
0.04818030
0.04921720
0.04967150
0.04811510
0.00000000
0.00000000
0.00000000
0.00000000
0.01550510
0.04847750
0.04910580
0.04894800
0.04840190
0.04801000
0.04876200
0.04956390
0.04856630
0.04867930
0.04900910
0.04804630
0.04808780
0.04828020
0.04763530
0.04756470
0.04836360
0.04782370
0.04823840
0.04696760
0.04804480
0.04764910
0.04708180
0.04854080
0.04886110
0.04897610
0.04974380
0.04730910
0.04773960
0.04795370
0.00000000
0.00000000
0.00000000
0.00000000
0.01422650
0.05089570
0.05065790
0.04996410
0.04969010
0.04886700
0.04870890
0.04897760
0.04834660
0.04917420
0.04908000
0.04854100
0.04880650
0.04995690
0.04957120
0.04901330
0.04902900
0.04849290
0.04929850
0.04958990
0.04992430
0.04888810
0.04850230
0.04854540
0.04911070
0.04950720
0.04993590
0.04987950
0.05098340
0.05131730
0.04857880
0.04910550
0.04908830
0.04947970
0.00000000
0.00000000
0.00000000
0.00000000
0.01490850
0.04948200
0.05043950
0.04907400
0.04938940
0.04947350
0.04949740
0.04942760
0.04945190
0.04962410
0.04979820
0.05016830
0.05049530
0.05000510
0.04912260
0.04951940
0.04939230
0.04934800
0.04993710
0.00000000
0.00000000
0.00000000
0.00000000
0.01467730
0.05124420
0.05140820
0.05018160
0.05070490
0.05078190
0.05105620
0.05040220
0.05098390
0.05306880
0.05185590
0.05086990
0.05088010
0.05083780
0.05153830
0.05066580
0.05109530
0.05045270
0.05095910
0.05123100
0.05105380
0.05090210
0.05092970
0.05118820
0.05101570
0.05058810
0.00000000
0.00000000
0.00000000
0.00000000
0.01472360
0.05898220
0.05300220
0.05150030
0.05051610
0.05153090
0.05109700
0.05108150
0.05099350
0.05088120
0.05055230
0.05129000
0.05150060
0.05117100
0.05314650
0.05135450
0.05083620
0.05125130
0.05204170
0.05118080
0.05042150
0.05185160
0.05120780
0.05110350
0.05030210
0.05058330
0.05102000
0.05137640
0.05076890
0.05405960
0.05555530
0.05234400
0.05084420
0.05145960
0.05060010
0.05337420
0.05254890
0.05156150
0.05106530
0.05048870
0.05076090
0.00000000
0.00000000
0.00000000
0.00000000
0.01497120
0.05385030
0.05419720
0.05355730
0.05422870
0.05411430
0.05399090
0.05360540
0.05357410
0.05417000
0.05359500
0.05653860
0.05607700
0.05335240
0.05361780
0.05368770
0.05402580
0.05393020
0.05391560
0.05484850
0.05379410
0.05338120
0.05352920
0.00000000
0.00000000
0.00000000
0.00000000
0.01458860
0.05731250
0.05796750
0.05678770
0.06499310
0.06053690
0.05700640
