0.01475860
0.05926930
0.05983180
0.05961630
0.05999870
0.06123020
0.06023660
0.05910170
0.05810330
0.05773230
0.05521520
0.05064740
0.04722330
0.05332780
0.05053190
0.05547080
0.05348020
0.05247160
0.06083800
0.05446190
0.05813780
0.05714100
0.05617210
0.05069460
0.05642960
0.05470360
0.05363180
0.05296810
0.05402100
0.05383910
0.05480990
0.05619730
0.05721410
0.05928940
0.05407880
0.05265140
0.05167200
0.05006800
0.04540280
0.04897190
0.05931610
0.05423920
0.05475170
0.05885810
0.05913500
0.05726360
0.05120860
0.05356110
0.05371830
0.05208500
0.05572920
0.05601480
0.05581730
0.05723150
0.05252950
0.04993180
0.05410210
0.05561550
0.04648650
0.04206480
0.03832450
0.04336320
0.04777310
0.05753850
0.05311240
0.05534800
0.05058440
0.05682800
0.04944560
0.05420520
0.05644630
0.05073410
0.05843870
0.05599770
0.05612680
0.05634800
0.05788670
0.05506970
0.04895910
0.05285700
0.05225550
0.05668280
0.05831200
0.05551350
0.06144360
0.05628540
0.05443290
0.05047320
0.05399610
0.05398650
0.05624760
0.05684130
0.05832890
0.05634480
0.05773710
0.05466450
0.05658740
0.05312240
0.05468860
0.05617340
0.05521850
0.05153320
0.05090180
0.05304430
0.05576620
0.05592840
0.05309280
0.05615390
0.05689860
0.05235280
0.05977870
0.05493780
0.05514740
0.05905300
0.05939390
0.05611800
0.04913160
0.04545770
0.04951080
0.05071370
0.04919480
0.05008160
0.05299720
0.05266930
0.05408800
0.05350090
0.00000000
0.00000000
0.00000000
0.00000000
0.01456410
0.06120900
0.06078300
0.06048630
0.06065140
0.06047420
0.06158970
0.06073080
0.06046050
0.05889130
0.05897850
0.06046760
0.05686520
0.05492530
0.05762040
0.05374730
0.05405070
0.05575900
0.05656030
0.06011090
0.05543800
0.05174730
0.05493570
0.05953480
0.04883950
0.05072280
0.05252190
0.05487300
0.04968670
0.04529540
0.05308950
0.05590770
0.05012380
0.05025690
0.05909040
0.05794050
0.05391350
0.05064120
0.05496090
0.05619540
0.05724460
0.05472350
0.05722640
0.05215050
0.05468160
0.05224200
0.05735870
0.05360750
0.05505840
0.05464140
0.05734470
0.05593400
0.05455170
0.05715100
0.05477000
0.05621260
0.05271140
0.05352670
0.05463520
0.05852310
0.05882590
0.05473650
0.04944370
0.04808330
0.05524780
0.05495180
0.05738840
0.05653720
0.06018550
0.05996810
0.06109420
0.05741990
0.05746980
0.05672770
0.05526770
0.04657210
0.05349170
0.05272400
0.05113720
0.04735120
0.05432260
0.05578120
0.05477100
0.05817130
0.05683480
0.05688270
0.05921830
0.05770500
0.05980100
0.05463010
0.04908020
0.05346380
0.05955610
0.06155090
0.05756160
0.05911240
0.05313040
0.05701380
0.05812940
0.05511320
0.05925740
0.05874360
0.05082150
0.05621050
0.05470080
0.05811870
0.05650500
0.05588050
0.05903740
0.00000000
0.00000000
0.00000000
0.00000000
0.01443850
0.06287720
0.06302680
0.06329650
0.06274810
0.06252720
0.06291390
0.06218450
0.06209750
0.06144560
0.06142150
0.06188910
0.06164890
0.05809880
0.06160370
0.05780860
0.06079430
0.06078140
0.06023320
0.05949030
0.05992650
0.05987490
0.05929940
0.06225240
0.06150830
0.06076490
0.06252290
0.05957670
0.05990980
0.06321910
0.06377090
0.06289340
0.06066500
0.05968260
0.05985390
0.06022030
0.05855110
0.05816630
0.05655260
0.05951220
0.05798280
0.06019730
0.06149590
0.05862330
0.05588740
0.05888930
0.05690950
0.05810890
0.05738460
0.05959050
0.05215160
0.06024130
0.05408720
0.05964780
0.05766000
0.06151050
0.06045650
0.06082330
0.06048430
0.05543220
0.05961220
0.06070260
0.05792440
0.05463420
0.05919650
0.05653070
0.05824700
0.05260120
0.05369490
0.05795210
0.05661060
0.05738870
0.05368550
0.04934730
0.05856740
0.05976120
0.05790520
0.05666690
0.05891800
0.05642520
0.06032070
0.05860480
0.05863470
0.06002540
0.05403830
0.06314970
0.05831510
0.06109400
0.05795950
0.05858460
0.05471020
0.05945280
0.05859960
0.05860300
0.05699910
0.05487010
0.05777930
0.06176520
0.05310890
0.05930340
0.06296650
0.06162750
0.05839250
0.00000000
0.00000000
0.00000000
0.00000000
0.01446790
0.06364700
0.06363350
0.06319620
0.06371660
0.06241520
0.05983590
0.05667800
0.06215750
0.05949620
0.06159540
0.05902040
0.06234940
0.06053920
0.05926640
0.05754060
0.06034010
0.05450780
0.05991280
0.06112890
0.05860690
0.05364530
0.05834920
0.05756900
0.05705240
0.05679850
0.05781960
0.05658410
0.05149380
0.05456780
0.05316960
0.05888290
0.05549030
0.06146550
0.05372120
0.06129520
0.05858080
0.05709800
0.04978640
0.05394310
0.04851600
0.04596290
0.05216900
0.05660150
0.05844100
0.05722410
0.05311800
0.05929600
0.06054450
0.05658170
0.05863660
0.06032370
0.05342020
0.05396780
0.05912440
0.06034910
0.05765810
0.05350750
0.05598160
0.05518200
0.05550140
0.05065300
0.06189170
0.05324000
0.05597330
0.05332240
0.06132900
0.00000000
0.00000000
0.00000000
0.00000000
0.02650680
0.05240270
0.05257750
0.05254180
0.05288260
0.05304560
0.05286890
0.05224140
0.05252810
0.05251090
0.05265280
0.05189580
0.05495350
0.05112190
0.05129890
0.05046490
0.04657760
0.04899510
0.04732790
0.05211320
0.05736610
0.05304270
0.05237250
0.05212260
0.05244320
0.05122760
0.05028200
0.05312060
0.05254010
0.05209690
0.04915220
0.05083220
0.05269740
0.05040990
0.05040640
0.05211650
0.05244180
0.05243710
0.05267820
0.05237600
0.04832340
0.05303370
0.04721750
0.04974830
0.05255700
0.00000000
0.00000000
0.00000000
0.00000000
0.01487980
0.04941740
0.04872720
0.04896790
0.05095470
0.04863290
0.04869320
0.04882200
0.04859010
0.04870310
0.04833160
0.04878920
0.04977230
0.04897050
0.05075250
0.05085470
0.04889370
0.04853700
0.04628210
0.04751330
0.04745900
0.04829110
0.04682520
0.05110650
0.04891070
0.04603610
0.04375990
0.04862910
0.04969900
0.04947130
0.04480130
0.04632450
0.04691050
0.04621460
0.04647070
0.04867580
0.04926720
0.04895920
0.04614430
0.04860970
0.04325420
0.04704010
0.04669900
0.04765110
0.04770250
0.04850690
0.04725840
0.04873500
0.04795860
0.04800630
0.05224000
0.04726100
0.04739750
0.04592360
0.04950690
0.04810730
0.04870810
0.04506830
0.04733800
0.04336280
0.04629320
0.04629540
0.04505460
0.04664950
0.04806060
0.00000000
0.00000000
0.00000000
0.00000000
0.01427210
0.05660470
0.05637710
0.05703320
0.05757690
0.05637420
0.05676020
0.05574960
0.05580630
0.05700660
0.04956480
0.05382590
0.04926160
0.05110650
0.05123940
0.05461490
0.05397240
0.05284930
0.05499550
0.05291290
0.05674870
0.05387640
0.05538690
0.05319460
0.05540820
0.05621490
0.05495830
0.05430050
0.05486550
0.05672540
0.05183300
0.05567410
0.05642160
0.05289630
0.05004750
0.05250450
0.05234600
0.04848440
0.04789830
0.05442860
0.04844930
0.04515810
0.04819850
0.05237430
0.05209500
0.05115000
0.05187220
0.05092120
0.05202590
0.05287860
0.05047940
0.05229420
0.05249490
0.05640290
0.05476320
0.05440960
0.05517100
0.05182400
0.05571920
0.05514620
0.05275430
0.05506840
0.05450440
0.05376440
0.05512130
0.05174950
0.05626270
0.05565050
0.05314360
0.05238450
0.04682250
0.05264250
0.05212570
0.05127330
0.05373880
0.05462450
0.05645730
0.05674630
0.05531130
0.05284000
0.05239620
0.05274790
0.05073220
0.05511530
0.05503730
0.05548850
0.05121790
0.05618280
0.05396180
0.05095580
0.05461170
0.05482990
0.05313450
0.05271520
0.05536250
0.05067280
0.05135150
0.04918190
0.05097020
0.04765040
0.05359220
0.05647840
0.05511660
0.05519430
0.05341450
0.05394240
0.04535830
0.05067490
0.05527230
0.05434470
0.05372590
0.04805950
0.05530000
0.05404530
0.05752110
0.05429600
0.05462270
0.05476660
0.05192000
0.05108960
0.05182460
0.04966040
0.04898170
0.04946660
0.05359540
0.04686470
0.04932500
0.04291150
0.00000000
0.00000000
0.00000000
0.00000000
0.01423120
0.05526100
0.05506020
0.05422860
0.05453920
0.05410790
0.05389930
0.05361480
0.05402580
0.05400760
0.05407320
0.05457530
0.05390330
0.05393710
0.05317660
0.05176510
0.05135000
0.05254180
0.05119080
0.05050440
0.04551850
0.04558510
0.05205490
0.04577940
0.05047890
0.05022700
0.04942010
0.05063340
0.04966520
0.04934920
0.04942540
0.04573470
0.04931660
0.04362120
0.05267260
0.05176110
0.05243040
0.05189860
0.05148750
0.05081460
0.05045480
0.05284600
0.05098640
0.05010540
0.05322420
0.05026840
0.05271880
0.05052920
0.05287770
0.05298320
0.05305500
0.05293670
0.05160490
0.05163150
0.05046600
0.05383230
0.05144670
0.05133710
0.05234700
0.05240560
0.05388190
0.05164160
0.05040090
0.05106640
0.05299090
0.05312250
0.05392470
0.05143480
0.05239960
0.05267530
0.05283990
0.04950190
0.05403500
0.05222470
0.05213350
0.05201450
0.05243310
0.05098820
0.05107150
0.05356390
0.04831230
0.00000000
0.00000000
0.00000000
0.00000000
0.01425580
0.05238780
0.05324840
0.05274880
0.05322850
0.05435140
0.05344850
0.05281200
0.05242210
0.05257640
0.05311950
0.05294150
0.05333110
0.05238460
